0,0,3.9154
0,0,3.7387
0,0,4.3603
0,0,3.4376
0,0,3.5052
0,0,3.6874
0,0,3.7425
0,0,3.4375
0,0,3.7018
0,0,3.4090
0,0,3.2651
0,0,3.5596
0,0,3.0784
0,0,3.3832
0,0,3.7049
0,0,3.3826
0,0,3.3899
0,0,3.3977
0,0,3.6486
0,0,4.1112
0,0,3.4821
0,0,3.9965
0,0,3.3715
0,0,3.4902
0,0,3.5466
0,0,4.0400
0,0,4.2395
0,0,3.4930
0,0,4.3053
0,0,3.8416
0,0,3.5860
0,0,3.6471
0,0,3.4004
0,0,4.3179
0,0,3.5775
0,0,4.1322
0,0,3.9550
0,0,4.3685
0,0,3.9589
0,0,3.7407
0,0,3.4929
0,0,3.7588
0,0,3.6474
0,0,3.8281
0,0,4.0020
0,0,3.5101
0,0,3.6983
0,0,3.2196
0,0,4.1829
0,0,4.1615
1,0,3.5661
1,0,3.9548
1,0,3.8442
1,0,3.3065
1,0,3.7728
1,0,3.3018
1,0,3.5255
1,0,3.9453
1,0,3.5012
1,0,3.1338
1,0,3.3246
1,0,3.7417
1,0,3.2622
1,0,3.7739
1,0,4.0275
1,0,4.1928
1,0,3.6464
1,0,3.3691
1,0,3.5568
1,0,3.4528
1,0,3.1829
1,0,4.0717
1,0,3.2083
1,0,4.3440
1,0,4.3117
1,0,3.7947
1,0,3.7434
1,0,3.3473
1,0,3.7888
1,0,3.4149
1,0,3.6551
1,0,3.7017
1,0,3.8393
1,0,3.8884
1,0,3.8214
1,0,4.0139
1,0,3.6081
1,0,3.6222
1,0,3.9005
1,0,3.4437
1,0,3.5779
1,0,3.7613
1,0,3.6224
1,0,4.2274
1,0,3.3716
1,0,3.3633
1,0,3.8393
1,0,3.7371
1,0,3.9800
1,0,3.4021
2,0,4.1076
2,0,3.3261
2,0,4.2408
2,0,3.9684
2,0,3.3272
2,0,3.2817
2,0,4.2459
2,0,3.5947
2,0,3.4019
2,0,3.0652
2,0,3.8717
2,0,3.3172
2,0,3.5550
2,0,3.5969
2,0,3.8510
2,0,4.1427
2,0,3.5056
2,0,3.5853
2,0,3.6255
2,0,3.5847
2,0,3.9553
2,0,3.7480
2,0,3.8973
2,0,3.3524
2,0,3.1815
2,0,3.6040
2,0,3.9773
2,0,3.2965
2,0,3.3640
2,0,3.9983
2,0,3.7418
2,0,3.6173
2,0,3.8930
2,0,3.3517
2,0,3.5063
2,0,3.0862
2,0,4.1461
2,0,4.0900
2,0,3.6991
2,0,4.1854
2,0,3.2154
2,0,3.7766
2,0,4.0500
2,0,3.8044
2,0,3.7520
2,0,3.5338
2,0,4.2869
2,0,3.6981
2,0,3.9279
2,0,4.0286
2,1,3.6498
1,1,3.6576
0,1,3.7195
2,1,3.8517
1,1,3.9272
0,1,3.5572
1,1,3.7137
2,1,3.5319
0,1,3.3931
2,1,3.7381
1,1,3.3171
0,1,3.5033
1,1,4.1985
2,1,4.2060
0,1,3.5892
1,1,4.0500
2,1,3.7395
0,1,3.2145
1,1,3.2596
0,1,3.4064
2,1,3.4481
1,1,3.2248
0,1,3.3752
2,1,3.9240
1,1,3.7342
0,1,3.5222
2,1,3.4868
1,1,3.3766
0,1,3.6279
2,1,4.4254
1,1,4.2566
0,1,3.2996
2,1,4.1410
1,1,3.5861
0,1,3.3683
2,1,3.8143
1,1,3.6494
2,1,3.1734
0,1,3.6612
1,1,3.4031
0,1,3.2332
2,1,4.2797
1,1,3.4063
0,1,3.0525
2,1,4.0961
1,1,4.1418
2,1,4.1859
0,1,3.7281
1,1,3.6858
0,1,3.5473
2,1,3.6195
1,1,3.4266
0,1,3.5814
2,1,4.1801
1,1,3.7134
0,1,3.4174
2,1,4.0926
1,1,3.0579
0,1,3.6216
2,1,3.4613
1,1,3.3423
0,1,3.0441
2,1,3.5787
1,1,4.1167
0,1,3.7620
2,1,3.6144
1,1,3.9024
0,1,3.8559
2,1,4.0088
1,1,3.5104
0,1,3.5037
2,1,3.5475
1,1,4.1573
0,1,3.4773
2,1,3.8355
1,1,3.9929
0,1,3.4025
2,1,3.6788
1,1,3.4752
0,1,3.4835
2,1,3.2475
1,1,3.8120
0,1,3.5410
2,1,3.8990
1,1,3.8165
0,1,4.0149
2,1,3.8644
1,1,4.0013
0,1,3.3982
2,1,3.3060
1,1,3.6901
0,1,4.2037
2,1,3.9525
1,1,3.7210
0,1,3.4093
2,1,3.9215
1,1,4.2313
0,1,3.6394
2,1,3.2693
1,1,3.5157
0,1,3.3688
2,1,3.6602
1,1,3.7022
0,1,3.3786
2,1,4.2293
1,1,3.6256
0,1,3.1186
2,1,3.5189
1,1,3.3244
0,1,3.4855
2,1,3.5941
1,1,4.1341
0,1,3.7190
2,1,3.6366
1,1,3.6127
0,1,3.6603
2,1,4.0713
1,1,2.9686
0,1,3.4331
2,1,3.8619
1,1,4.0435
0,1,3.3555
2,1,3.4581
1,1,3.6187
0,1,3.0692
2,1,3.1723
1,1,4.1185
0,1,3.5036
2,1,4.2167
1,1,4.1024
0,1,3.4381
2,1,4.1779
1,1,3.5972
0,1,3.1458
2,1,4.2217
1,1,3.5233
0,1,3.4054
2,1,3.5676
1,1,3.9057
0,1,3.5942
2,1,3.5116
1,1,3.5761
0,1,3.6206
2,1,3.8867
1,1,3.4216
0,1,3.5587
2,1,3.5349
1,1,3.5832
0,1,3.7000
2,1,3.9182
2,2,3.3854
0,2,3.8129
1,2,4.2399
0,2,3.4408
2,2,3.5764
1,2,4.1594
0,2,3.2201
1,2,4.1965
2,2,3.5434
0,2,3.3710
2,2,3.3737
1,2,3.6127
0,2,3.3368
2,2,3.4691
1,2,3.4076
0,2,3.4535
2,2,4.1450
1,2,3.2868
0,2,3.5004
2,2,3.3289
1,2,4.1167
0,2,3.4006
2,2,3.6735
1,2,3.7049
0,2,3.1411
2,2,3.6998
1,2,3.4168
0,2,3.2265
2,2,3.2273
1,2,3.4161
0,2,3.4153
2,2,3.3655
1,2,4.1634
0,2,3.2960
2,2,4.0135
1,2,3.4603
0,2,3.2781
2,2,3.9032
1,2,4.1695
0,2,3.3825
2,2,3.7222
1,2,3.5063
1,2,3.3650
2,2,3.5605
0,2,3.6496
1,2,3.6642
2,2,4.2064
0,2,3.7932
1,2,3.2326
2,2,3.4346
0,2,3.1526
2,2,3.9770
1,2,3.7182
0,2,3.3345
1,2,3.2543
2,2,3.4405
0,2,3.3882
1,2,3.2204
2,2,3.8421
0,2,3.2606
1,2,3.2746
2,2,3.9717
0,2,3.0715
1,2,3.5454
0,2,3.3521
2,2,4.2412
1,2,3.3449
0,2,3.1200
2,2,4.1569
1,2,3.5245
0,2,3.3197
2,2,3.7871
1,2,3.7358
0,2,3.0484
2,2,4.0598
1,2,3.5346
0,2,3.4047
2,2,3.6343
1,2,3.5859
0,2,3.5451
2,2,4.1778
1,2,3.7743
0,2,3.3719
2,2,3.5504
1,2,3.3014
0,2,3.1330
2,2,4.1313
1,2,3.8955
0,2,3.3956
2,2,4.2186
1,2,3.5207
0,2,3.6577
2,2,3.8495
1,2,4.0793
0,2,3.5655
2,2,3.6029
1,2,3.8140
0,2,3.3810
2,2,4.3969
1,2,4.2188
0,2,3.2880
2,2,4.0245
1,2,3.4945
0,2,3.0662
2,2,3.7282
1,2,3.2411
0,2,3.2037
2,2,4.0087
1,2,3.4314
0,2,3.4007
2,2,3.5431
1,2,4.1172
0,2,3.3893
2,2,4.3481
1,2,3.3155
0,2,3.0634
2,2,3.8820
1,2,3.5836
0,2,3.4308
2,2,4.0946
1,2,3.9265
0,2,3.3738
2,2,3.2599
1,2,3.8378
0,2,3.4556
2,2,4.2265
1,2,3.3796
0,2,3.5826
2,2,3.8217
1,2,4.1875
0,2,3.5032
2,2,3.6266
1,2,3.4345
0,2,3.1300
2,2,3.5953
1,2,3.4655
0,2,3.1514
2,2,4.1466
1,2,3.4683
0,2,3.6628
2,2,3.6118
1,2,3.5590
0,2,3.3308
2,2,3.6106
1,2,3.6691
0,2,3.2805
2,2,3.6896
1,2,3.8446
0,2,3.3790
2,2,4.2413
0,3,3.1456
2,3,3.4458
1,3,3.2310
0,3,3.2560
1,3,3.3140
2,3,3.8282
1,3,3.6005
0,3,3.1979
2,3,4.2466
1,3,4.1409
0,3,3.2303
2,3,3.6840
1,3,3.6880
0,3,3.0621
2,3,4.0233
1,3,3.1167
0,3,3.3691
2,3,3.6565
1,3,3.1528
0,3,3.1428
2,3,3.4683
1,3,3.6079
0,3,3.0558
2,3,4.2016
1,3,3.5297
0,3,3.5242
2,3,3.1078
1,3,3.1427
0,3,3.2714
2,3,4.0707
1,3,3.4114
0,3,3.1751
2,3,3.4149
1,3,3.8755
0,3,3.0628
2,3,3.7668
1,3,4.0597
0,3,4.1679
2,3,4.1803
1,3,3.6095
0,3,3.3867
2,3,4.1338
1,3,3.3653
0,3,3.0442
2,3,3.6225
1,3,4.2105
0,3,3.2706
2,3,4.1645
1,3,3.3590
0,3,3.1856
2,3,3.5349
1,3,3.4000
0,3,3.1995
2,3,3.6266
1,3,3.8271
0,3,3.3092
2,3,3.3773
1,3,3.1444
0,3,3.0516
2,3,4.5906
1,3,3.2763
0,3,3.4509
2,3,3.4793
1,3,3.5274
0,3,3.3916
2,3,3.5427
1,3,4.2440
0,3,3.0473
2,3,4.1590
1,3,3.5536
0,3,3.2183
2,3,4.1045
1,3,3.9600
0,3,3.8841
2,3,3.3157
1,3,3.6820
0,3,3.1439
2,3,3.8656
1,3,3.3157
0,3,3.4534
2,3,3.9741
1,3,4.2190
0,3,3.8501
2,3,3.6319
1,3,3.8842
0,3,3.1456
2,3,3.9810
1,3,3.4483
0,3,3.3584
2,3,3.6962
1,3,3.9421
0,3,3.1231
2,3,4.1946
1,3,3.3759
0,3,3.0548
2,3,4.1470
1,3,3.7298
0,3,3.0694
2,3,4.0963
1,3,3.4498
0,3,4.0528
2,3,4.1325
1,3,3.4863
0,3,3.1142
2,3,3.8118
1,3,3.4963
0,3,3.1358
2,3,2.9888
1,3,3.6057
0,3,3.0386
2,3,3.1188
1,3,4.1439
0,3,3.0672
2,3,3.5394
1,3,3.4471
0,3,3.1113
2,3,4.2770
1,3,3.9571
0,3,3.2611
2,3,3.7817
1,3,3.6573
0,3,3.2331
2,3,4.1496
1,3,4.2764
0,3,3.0396
2,3,3.3667
1,3,3.6962
0,3,3.2023
2,3,3.4953
1,3,3.3512
0,3,4.0715
2,3,3.3822
1,3,4.1046
0,3,4.1276
2,3,4.0701
1,3,3.3931
0,3,3.2000
2,3,3.5271
1,3,3.4175
0,3,3.3757
2,3,4.2172
1,3,3.7723
0,3,3.3143
2,3,3.9874
1,3,4.1992
0,3,3.1201
2,3,4.1103
1,3,3.8236
0,3,3.1865
2,3,3.9963
0,4,3.0264
2,4,3.7009
1,4,4.1639
0,4,3.1322
2,4,3.6528
1,4,3.6370
0,4,3.4560
2,4,3.8223
1,4,4.2212
0,4,3.1713
2,4,3.7285
1,4,3.1056
0,4,3.0636
2,4,4.2028
1,4,4.1103
0,4,3.1318
1,4,4.0493
2,4,3.9735
0,4,3.0738
1,4,3.9282
2,4,3.7284
0,4,3.1400
2,4,4.0317
1,4,3.4643
0,4,3.0133
1,4,3.5365
2,4,3.7861
0,4,3.1458
1,4,3.2040
2,4,3.8896
0,4,3.1448
1,4,3.7613
2,4,4.1728
0,4,3.0266
1,4,3.2009
2,4,4.3465
0,4,3.0545
1,4,3.8810
2,4,3.5351
0,4,3.4644
1,4,3.7589
2,4,3.7394
0,4,3.3929
1,4,3.3063
2,4,3.7584
0,4,3.0627
1,4,3.6520
2,4,3.2750
0,4,3.1377
1,4,3.6158
2,4,3.6914
0,4,3.0831
1,4,3.3062
0,4,3.0580
2,4,3.7104
1,4,3.5733
0,4,3.0705
2,4,3.5087
1,4,3.5613
0,4,3.0798
2,4,3.6936
1,4,3.0295
0,4,3.1494
2,4,3.5767
1,4,3.2496
0,4,3.2614
2,4,3.4883
1,4,3.7644
0,4,3.0557
2,4,4.0806
1,4,3.9892
0,4,3.0241
2,4,4.2264
1,4,3.5245
0,4,3.2773
2,4,3.9866
1,4,3.4689
0,4,2.9699
2,4,4.0467
1,4,4.1691
0,4,3.0420
2,4,4.1036
1,4,3.4030
0,4,3.0470
2,4,3.1378
1,4,3.2856
0,4,3.4970
2,4,4.2232
1,4,3.5170
0,4,3.0290
2,4,4.1281
1,4,3.5339
0,4,3.1734
2,4,4.1694
1,4,3.3456
0,4,3.0159
2,4,3.1650
1,4,3.6447
0,4,3.3397
2,4,4.0581
1,4,4.1349
0,4,3.0620
2,4,3.7888
1,4,3.5362
0,4,3.2061
2,4,3.6688
1,4,4.1232
0,4,3.5363
2,4,4.3177
1,4,3.4865
0,4,3.1368
2,4,4.1861
1,4,3.6623
0,4,3.1705
2,4,3.9397
1,4,4.1403
0,4,3.0657
2,4,3.7125
1,4,3.9519
0,4,3.0662
2,4,4.3110
1,4,4.0813
0,4,3.0583
0,4,3.1385
1,4,3.4306
2,4,4.3449
0,4,3.0581
1,4,3.6010
2,4,3.9042
1,4,3.4985
0,4,3.1524
2,4,4.1976
1,4,3.0716
0,4,3.0629
2,4,3.5202
1,4,3.3810
0,4,3.1220
2,4,3.8541
0,4,3.0600
1,4,4.2100
2,4,4.0496
0,4,3.1115
1,4,3.6660
2,4,4.1848
0,4,3.0659
1,4,4.1733
2,4,4.0884
1,4,3.7589
2,4,4.0814
2,4,3.8168
0,5,3.0071
2,5,3.9262
1,5,4.3005
1,5,3.9010
0,5,3.0411
2,5,3.4992
0,5,3.0588
1,5,4.0922
2,5,4.0787
0,5,3.0666
1,5,4.2169
2,5,3.6211
0,5,3.0266
1,5,3.7458
2,5,4.3158
0,5,3.4767
1,5,3.1895
2,5,4.2829
0,5,3.0816
1,5,3.8053
2,5,3.7986
0,5,3.0429
1,5,3.5713
2,5,3.5750
0,5,3.0244
2,5,4.3414
1,5,3.5363
0,5,3.0585
1,5,3.2830
2,5,3.4321
0,5,3.0551
1,5,4.0965
2,5,4.2365
0,5,2.9845
1,5,3.2151
2,5,3.7638
0,5,3.0227
1,5,3.4294
2,5,4.1846
0,5,3.0529
1,5,3.4407
2,5,3.2357
0,5,3.0356
1,5,3.7884
2,5,3.6004
0,5,3.0686
1,5,3.6879
2,5,3.7631
0,5,3.0443
1,5,3.3962
2,5,4.1728
0,5,3.0525
1,5,3.2018
2,5,3.6205
0,5,3.0360
1,5,3.5183
2,5,3.4179
0,5,3.4100
1,5,4.1738
2,5,3.6437
0,5,3.0750
1,5,4.1593
2,5,3.6443
0,5,3.1446
1,5,3.1768
2,5,4.0201
0,5,3.0197
1,5,3.8552
2,5,4.1021
0,5,3.2620
1,5,3.7866
2,5,3.8497
0,5,3.0602
1,5,3.5524
2,5,3.4185
0,5,3.0869
1,5,3.2702
2,5,3.8364
0,5,3.1812
1,5,4.2292
2,5,3.2242
0,5,3.2081
1,5,4.2987
2,5,4.0801
0,5,3.0588
1,5,3.6580
2,5,4.1515
0,5,3.0639
1,5,4.1454
2,5,3.3493
0,5,3.2008
1,5,4.2150
0,5,3.0449
2,5,3.6102
1,5,3.5470
0,5,3.0063
2,5,3.9795
1,5,3.3845
0,5,3.4394
2,5,3.4331
1,5,3.6899
0,5,3.1826
2,5,4.0399
1,5,4.1204
0,5,3.1888
2,5,3.6464
1,5,3.8104
0,5,3.4030
2,5,3.2434
1,5,3.3242
0,5,3.0267
2,5,4.0234
1,5,4.1787
0,5,3.0409
2,5,3.9481
1,5,3.5012
0,5,3.0373
2,5,4.6328
1,5,4.0643
0,5,3.0853
2,5,3.6190
1,5,3.6222
0,5,3.0581
2,5,4.0318
1,5,3.4403
0,5,3.1325
2,5,4.1982
1,5,3.6415
0,5,3.0004
2,5,3.6782
1,5,3.4998
0,5,2.9979
2,5,4.1650
1,5,4.0754
0,5,3.0051
2,5,3.3454
1,5,3.4173
0,5,3.0769
2,5,4.2577
1,5,3.3220
0,5,3.0682
2,5,4.1952
1,5,4.1686
0,5,3.0139
2,5,4.1814
1,5,3.5483
0,5,3.2009
2,5,3.8465
1,5,3.9028
2,5,3.7000
0,6,3.0687
2,6,3.6120
1,6,3.6656
0,6,3.0762
2,6,4.1347
1,6,3.2693
0,6,3.0246
2,6,3.6383
1,6,3.5105
0,6,3.2943
1,6,3.1702
2,6,4.2242
0,6,3.0031
1,6,4.1216
2,6,3.5387
0,6,2.9913
1,6,3.0349
2,6,3.3954
0,6,3.0045
1,6,4.1247
2,6,4.0188
0,6,3.3356
1,6,3.6157
2,6,3.9722
0,6,3.0179
1,6,3.5589
2,6,3.3545
0,6,3.6597
1,6,3.3824
2,6,4.1980
0,6,3.0102
1,6,3.8377
2,6,4.3628
0,6,3.0467
1,6,3.5828
2,6,4.2499
0,6,3.0963
1,6,3.4663
2,6,4.1135
0,6,3.0561
1,6,3.5997
2,6,3.8249
0,6,3.0735
1,6,3.3146
2,6,4.2900
0,6,3.0332
1,6,3.6225
2,6,4.0495
0,6,3.1313
1,6,3.9864
2,6,4.1837
0,6,3.0459
1,6,3.9669
2,6,3.3825
0,6,3.4335
1,6,3.4656
2,6,4.0245
0,6,3.0266
1,6,3.3031
2,6,4.2190
0,6,3.0832
1,6,4.0812
2,6,3.7257
0,6,3.1467
1,6,3.4014
2,6,3.8888
0,6,3.0641
1,6,3.7251
2,6,3.1468
0,6,2.9983
1,6,4.2359
2,6,3.9294
0,6,3.0415
1,6,3.5144
2,6,4.2076
0,6,3.0189
1,6,3.3734
2,6,4.3109
0,6,3.2321
1,6,3.2152
2,6,3.5807
0,6,3.0214
1,6,3.2894
2,6,3.4802
0,6,3.0245
1,6,4.2416
2,6,4.2698
0,6,3.1886
1,6,4.2211
2,6,3.3705
0,6,3.0107
1,6,3.7318
2,6,4.3755
0,6,3.0207
1,6,3.5337
2,6,3.3890
0,6,2.9937
1,6,4.0391
2,6,4.1929
0,6,3.0159
1,6,3.6943
2,6,3.3267
0,6,3.0597
1,6,3.3730
2,6,4.1391
0,6,3.0198
1,6,3.5352
2,6,4.1974
0,6,3.0442
1,6,3.8553
2,6,4.1856
0,6,3.0033
1,6,3.4779
2,6,3.9986
0,6,3.0623
1,6,3.6412
2,6,3.6875
0,6,3.0807
1,6,4.0855
2,6,3.3898
0,6,2.9982
1,6,4.2313
0,6,3.0518
2,6,4.2021
1,6,3.4323
0,6,3.0099
2,6,4.0609
1,6,3.3081
0,6,3.0287
2,6,4.0750
1,6,3.5294
0,6,3.2328
2,6,4.1745
1,6,3.3794
0,6,3.0223
2,6,4.1463
1,6,3.5611
0,6,3.0403
2,6,4.0191
1,6,3.3135
0,6,3.0190
2,6,4.1673
1,6,3.6559
0,6,3.0109
2,6,3.5220
1,6,4.0714
0,6,3.0672
2,6,3.8159
1,6,3.2878
2,6,4.0385
1,7,3.2222
2,7,3.5462
0,7,3.5715
1,7,4.1210
2,7,4.2572
0,7,3.0744
1,7,3.3932
0,7,3.0048
2,7,4.0200
1,7,3.3713
0,7,3.0181
2,7,3.8393
1,7,3.6858
0,7,3.0084
2,7,3.4636
1,7,3.2021
0,7,3.0112
2,7,4.1408
1,7,4.1515
0,7,3.0147
2,7,3.6905
1,7,3.8063
0,7,2.9992
2,7,4.1564
1,7,3.6151
0,7,3.1376
2,7,3.6428
1,7,3.4024
0,7,3.0112
2,7,3.8845
1,7,4.0424
0,7,3.0210
2,7,4.2770
1,7,3.3721
0,7,3.0181
2,7,3.2701
1,7,3.5566
0,7,3.0191
2,7,3.6878
1,7,3.7144
0,7,3.0006
2,7,3.8177
1,7,3.5241
0,7,3.0060
2,7,3.4884
1,7,3.7018
0,7,3.0430
2,7,3.5540
1,7,3.3608
0,7,3.0964
2,7,4.2535
1,7,3.9755
0,7,3.0052
2,7,3.9494
1,7,3.4550
0,7,2.9593
2,7,3.4558
1,7,3.1021
0,7,3.0163
2,7,4.1733
1,7,3.4872
0,7,3.0065
2,7,3.3815
1,7,4.1755
0,7,3.2584
2,7,4.1734
1,7,3.1879
0,7,3.0745
2,7,3.2626
1,7,3.5961
0,7,3.0161
2,7,3.1165
1,7,4.0126
0,7,3.0240
2,7,3.6962
1,7,3.6336
0,7,3.1989
2,7,4.2016
1,7,4.1726
0,7,3.0796
2,7,3.5454
0,7,3.0085
1,7,4.1765
2,7,4.1955
0,7,3.0270
1,7,4.0857
2,7,3.6077
0,7,3.0215
1,7,3.9542
2,7,3.7045
0,7,2.9915
1,7,4.1571
2,7,4.1085
0,7,3.0308
1,7,3.4017
2,7,3.7314
1,7,4.0915
0,7,3.1699
2,7,4.1710
0,7,3.0923
1,7,4.1541
2,7,3.3742
0,7,3.0136
1,7,3.6243
2,7,3.6212
1,7,3.7028
0,7,3.0195
2,7,3.4350
0,7,3.0116
1,7,4.1484
2,7,3.6353
0,7,3.0080
1,7,3.1017
2,7,4.2211
0,7,3.0570
1,7,3.5514
2,7,3.9079
0,7,3.1135
1,7,3.6691
2,7,4.4187
0,7,3.0269
1,7,3.4692
2,7,4.2323
0,7,2.9661
1,7,4.0460
2,7,3.5089
0,7,3.0190
1,7,4.1854
2,7,3.8377
0,7,3.0207
1,7,3.5956
2,7,4.1295
0,7,3.0237
1,7,3.5178
2,7,4.2124
0,7,2.9929
1,7,3.1588
2,7,4.2580
0,7,3.0462
1,7,3.3466
2,7,4.2551
0,7,3.0141
1,7,3.2225
2,7,3.6441
0,7,3.0056
1,7,3.9494
2,7,3.5193
0,7,2.9996
1,7,3.2962
2,7,4.1285
1,8,3.2256
0,8,3.0401
2,8,4.0702
1,8,3.5134
0,8,3.0185
2,8,3.3745
1,8,4.0776
0,8,3.0514
2,8,3.1086
1,8,3.9969
0,8,3.0177
2,8,3.4819
0,8,3.0085
1,8,3.5606
2,8,4.2142
0,8,3.0214
1,8,3.5294
2,8,4.2086
0,8,3.0285
1,8,3.1383
2,8,3.2231
0,8,3.0197
1,8,3.3301
2,8,3.9076
1,8,3.7111
0,8,3.0354
2,8,3.9529
1,8,3.1513
0,8,3.0160
2,8,3.5542
1,8,3.3994
0,8,3.0158
2,8,3.7236
1,8,3.6793
0,8,2.9910
2,8,3.2153
1,8,3.3910
0,8,3.0245
2,8,4.0799
1,8,4.1825
0,8,3.0100
2,8,3.3388
0,8,3.0179
1,8,3.4944
2,8,3.6249
0,8,3.0025
1,8,4.2805
2,8,3.7545
0,8,3.1034
1,8,3.2613
2,8,4.2901
0,8,3.0033
1,8,3.3538
2,8,3.6204
0,8,3.0752
1,8,3.8427
2,8,3.4827
0,8,2.9929
1,8,3.4606
2,8,4.1743
0,8,2.9945
1,8,3.3044
2,8,3.1890
0,8,3.2066
1,8,4.1408
2,8,3.6238
0,8,2.9924
1,8,3.8645
2,8,3.4941
0,8,3.0175
1,8,3.6571
2,8,3.4249
0,8,3.0002
1,8,3.7855
2,8,3.6870
0,8,3.1815
1,8,3.6344
2,8,4.2448
0,8,3.0145
1,8,3.4312
2,8,3.6922
0,8,3.0017
1,8,3.3634
2,8,4.1296
0,8,3.0212
1,8,3.4585
2,8,3.7105
0,8,3.4427
1,8,4.0989
2,8,4.2230
0,8,3.0260
1,8,4.2341
2,8,4.0655
0,8,3.1815
1,8,3.8116
2,8,4.2846
0,8,3.0282
1,8,4.1867
2,8,3.9436
0,8,3.0160
1,8,4.1663
2,8,4.2023
0,8,3.0371
1,8,3.5809
2,8,4.2602
0,8,3.0131
1,8,3.4320
2,8,3.4298
0,8,3.0210
1,8,3.4040
2,8,3.5716
0,8,3.0020
1,8,4.2173
2,8,4.2975
0,8,2.9993
1,8,3.8042
2,8,3.2468
0,8,3.0194
1,8,3.5909
2,8,3.4908
0,8,2.9989
1,8,4.1845
2,8,3.8152
0,8,3.0331
1,8,3.8675
2,8,3.9248
0,8,3.0195
1,8,3.3899
2,8,3.5488
0,8,2.9850
1,8,3.5324
2,8,4.0675
0,8,3.2240
1,8,4.1331
2,8,3.1837
0,8,3.0228
1,8,4.0351
2,8,4.0852
0,8,3.0210
1,8,3.5458
2,8,3.8309
0,8,3.0131
1,8,3.4095
2,8,3.5384
0,8,3.1766
1,8,3.8540
2,8,3.5089
0,8,3.1674
1,8,4.0212
2,8,3.4952
0,9,2.9987
1,9,3.8203
2,9,3.7090
0,9,2.9544
1,9,3.3984
2,9,3.9895
1,9,4.1898
0,9,2.9704
2,9,4.0116
1,9,3.1742
0,9,3.0261
2,9,3.8581
1,9,4.0049
0,9,2.9898
2,9,4.2204
1,9,3.0913
0,9,2.9997
2,9,3.3404
1,9,3.5040
0,9,3.0228
2,9,4.2268
1,9,4.1321
0,9,3.0071
2,9,3.3166
1,9,3.5297
0,9,3.2442
2,9,3.3950
1,9,3.2534
0,9,2.9924
2,9,3.1959
1,9,4.1997
0,9,2.9967
2,9,4.2481
1,9,4.1331
0,9,3.2010
2,9,3.8245
1,9,3.4173
0,9,3.0078
2,9,3.4461
1,9,3.9824
0,9,3.0172
2,9,3.1609
1,9,3.6448
0,9,3.0137
2,9,3.2811
1,9,3.5388
0,9,3.0767
2,9,4.1053
1,9,4.1288
0,9,3.0030
2,9,3.5150
1,9,4.2395
0,9,3.1936
2,9,3.5317
1,9,3.5791
0,9,2.9935
2,9,3.9070
1,9,3.4486
0,9,3.0607
2,9,3.9961
0,9,3.0784
1,9,3.7526
2,9,4.1349
1,9,3.7054
0,9,3.0244
2,9,4.0509
1,9,3.5623
0,9,3.4903
2,9,3.4311
1,9,3.2752
0,9,3.0173
2,9,4.2481
0,9,3.0282
1,9,4.1875
2,9,3.2502
0,9,2.9843
1,9,3.3544
2,9,3.7030
0,9,3.0128
1,9,3.6054
2,9,3.4126
0,9,3.0158
1,9,3.4437
2,9,3.6266
0,9,3.0007
1,9,4.0485
2,9,3.9922
0,9,3.0073
1,9,4.0096
2,9,4.1551
0,9,3.0296
1,9,4.2537
2,9,3.6115
0,9,2.9794
1,9,3.6111
2,9,4.1708
0,9,3.1299
1,9,3.9942
2,9,4.2426
0,9,2.9940
1,9,4.1704
2,9,4.0560
0,9,3.0148
1,9,3.5246
2,9,4.3907
0,9,3.0196
1,9,3.5934
2,9,3.4313
0,9,3.0187
1,9,3.9477
2,9,4.2205
0,9,3.0088
1,9,3.5822
2,9,3.7892
0,9,3.0181
1,9,4.2876
2,9,3.3899
0,9,3.3316
1,9,3.8306
2,9,3.7783
0,9,3.0249
1,9,3.2959
2,9,3.9809
0,9,3.0817
1,9,3.7250
2,9,3.5961
0,9,3.1885
1,9,3.4912
0,9,3.1880
2,9,3.6251
1,9,3.3126
0,9,3.1656
2,9,3.9283
1,9,3.3865
0,9,2.9929
2,9,3.8489
1,9,3.6895
0,9,3.0395
2,9,3.6710
1,9,3.5216
0,9,3.0178
2,9,3.3421
1,9,3.4463
0,9,3.0053
2,9,4.1651
1,9,4.1356
0,9,2.9890
2,9,4.5522
1,9,3.1087
2,9,3.1463
0,10,2.9754
2,10,3.4099
1,10,3.6012
0,10,3.0110
2,10,3.4710
1,10,3.6850
0,10,3.0055
2,10,3.5325
1,10,4.0916
0,10,3.2232
1,10,3.5785
2,10,4.1888
0,10,3.0163
1,10,3.4864
2,10,4.1283
0,10,3.0234
1,10,3.1943
2,10,4.0565
0,10,3.0197
1,10,3.3496
2,10,4.3202
0,10,2.9920
1,10,3.7481
2,10,4.1203
0,10,3.0055
1,10,3.5383
2,10,3.2324
0,10,2.9679
1,10,3.4574
2,10,3.8957
0,10,3.1389
1,10,4.1993
2,10,4.1458
0,10,3.0108
1,10,3.2465
2,10,4.2522
0,10,3.0077
1,10,3.7871
2,10,3.5858
0,10,2.9931
1,10,3.7145
2,10,4.2094
0,10,2.9954
1,10,4.2010
2,10,3.7936
0,10,3.0118
1,10,3.5543
2,10,3.8855
0,10,3.0241
1,10,3.4947
2,10,4.1460
0,10,2.9799
1,10,3.9167
2,10,3.9746
0,10,3.0244
1,10,3.9520
2,10,3.7754
0,10,3.2877
1,10,3.1878
2,10,3.7264
0,10,2.9988
1,10,3.5982
2,10,3.3782
0,10,3.0979
1,10,3.2414
2,10,3.6572
0,10,2.9736
1,10,3.5518
2,10,4.0857
0,10,3.0026
1,10,3.3597
2,10,4.1893
0,10,2.9952
1,10,3.7295
2,10,3.6232
0,10,3.0129
1,10,3.8256
2,10,4.2484
0,10,3.0080
1,10,3.5266
2,10,3.9489
0,10,2.9964
1,10,3.4209
2,10,3.5888
0,10,3.0150
1,10,4.2027
2,10,4.2970
0,10,3.0105
1,10,4.0098
2,10,4.2352
0,10,3.1573
1,10,3.6447
2,10,3.5099
0,10,3.0999
1,10,3.6320
2,10,4.0686
0,10,3.0206
1,10,3.9880
2,10,3.4038
0,10,3.0054
1,10,3.4627
2,10,3.8817
0,10,2.9802
1,10,4.2894
2,10,4.0423
0,10,3.0084
1,10,4.0933
2,10,4.1945
0,10,3.0014
1,10,3.9577
2,10,4.1857
0,10,2.9930
1,10,3.8482
2,10,3.5220
0,10,3.0048
1,10,3.6919
0,10,3.0095
2,10,3.4447
1,10,3.2019
0,10,3.0032
2,10,3.4933
1,10,3.4106
0,10,3.1942
2,10,3.2162
1,10,4.1401
0,10,2.9851
2,10,4.2655
1,10,4.0546
0,10,2.9914
2,10,3.8737
1,10,3.8502
0,10,3.0292
2,10,3.5947
1,10,3.5709
0,10,3.1666
2,10,3.3476
1,10,3.5542
0,10,3.0105
2,10,4.1651
1,10,3.9674
0,10,3.0037
2,10,3.6441
1,10,3.6298
0,10,2.9950
2,10,3.7932
1,10,3.0682
0,10,3.4308
2,10,3.5508
1,10,4.0717
2,10,3.5388
0,11,3.0125
1,11,4.1952
2,11,4.2011
0,11,3.1727
1,11,3.3961
2,11,3.7140
0,11,3.1971
2,11,3.2723
1,11,4.1207
0,11,3.0173
1,11,3.9183
2,11,4.2198
0,11,3.0092
1,11,4.0414
2,11,3.8116
0,11,3.0081
1,11,3.0325
2,11,3.9724
0,11,3.0102
1,11,4.1000
2,11,3.7818
0,11,3.0252
1,11,3.2552
2,11,4.1795
1,11,3.3269
0,11,2.9837
2,11,3.9157
1,11,3.9080
0,11,3.1720
2,11,3.5625
1,11,3.9693
0,11,3.0120
2,11,4.2670
1,11,3.3399
0,11,3.0690
2,11,4.2079
1,11,3.3253
0,11,2.9633
2,11,3.4556
1,11,3.3660
0,11,2.9775
2,11,3.7477
1,11,4.2158
0,11,3.1812
2,11,4.3228
1,11,3.9965
0,11,2.9825
2,11,3.5597
1,11,4.2173
0,11,3.0126
2,11,4.0434
1,11,3.8444
0,11,3.0087
2,11,3.4728
1,11,3.5761
0,11,3.0151
2,11,4.1729
1,11,3.8355
0,11,2.9726
2,11,4.2144
1,11,4.1154
0,11,2.9696
2,11,3.3441
1,11,3.7187
0,11,3.0094
2,11,3.6963
1,11,3.3871
0,11,2.9912
2,11,3.5487
1,11,3.3705
0,11,2.9915
2,11,3.2846
1,11,3.1701
0,11,2.9761
2,11,4.0283
1,11,3.4166
0,11,3.0098
2,11,4.3588
1,11,3.5326
0,11,3.1779
2,11,4.2611
1,11,3.3666
0,11,3.0414
2,11,3.8991
1,11,3.7826
0,11,2.9716
2,11,4.2255
1,11,4.1775
0,11,3.0024
2,11,3.5655
1,11,4.2784
0,11,3.1925
2,11,4.1811
1,11,3.5051
0,11,3.0241
2,11,3.7741
1,11,3.5443
0,11,3.0157
2,11,4.0304
1,11,3.8327
0,11,2.9658
2,11,3.5477
1,11,3.5139
0,11,3.0052
2,11,3.9695
1,11,3.4231
0,11,3.0032
2,11,4.4032
1,11,3.6656
0,11,3.0116
2,11,4.2876
1,11,3.3803
0,11,3.0051
1,11,3.0666
2,11,4.2524
0,11,3.0076
1,11,4.0122
2,11,4.2164
0,11,2.9583
1,11,4.1661
2,11,3.5359
0,11,2.9946
1,11,4.2472
2,11,4.0078
0,11,2.9726
1,11,3.4246
2,11,3.4707
0,11,2.9627
1,11,3.2891
2,11,4.2953
0,11,3.0071
1,11,3.6757
2,11,4.0024
0,11,2.9499
1,11,4.1757
2,11,3.5094
0,11,2.9888
1,11,3.5734
2,11,3.1353
0,11,3.0138
1,11,3.1728
2,11,3.3302
0,11,3.0091
1,11,3.2732
0,11,3.0077
2,11,3.5603
1,11,3.4628
0,11,2.9880
2,11,4.1963
2,11,3.7449
1,12,4.1715
0,12,3.0185
2,12,3.1913
1,12,3.6056
0,12,2.9781
2,12,4.3591
1,12,4.2365
0,12,2.9984
2,12,4.1780
0,12,3.0135
1,12,4.1606
2,12,3.2665
0,12,3.0130
1,12,4.2759
2,12,3.5865
0,12,2.9960
1,12,4.0608
2,12,4.1996
0,12,3.0084
1,12,4.1433
2,12,3.9065
1,12,4.0475
0,12,2.9702
2,12,4.2202
1,12,3.4419
0,12,4.1552
2,12,3.6968
1,12,4.1276
0,12,2.9900
2,12,4.0862
1,12,3.4958
0,12,2.9858
2,12,3.4676
1,12,4.2433
0,12,2.9655
2,12,3.4747
0,12,3.1097
1,12,3.4877
2,12,3.3687
0,12,3.0052
1,12,3.4345
2,12,4.3878
0,12,3.0055
1,12,4.2039
2,12,4.0105
0,12,2.9685
1,12,3.6898
2,12,4.2499
0,12,2.9933
1,12,3.6106
2,12,3.2415
0,12,3.0049
1,12,3.7385
2,12,3.4067
0,12,3.0110
1,12,4.0053
2,12,3.5976
0,12,2.9564
1,12,3.0396
2,12,4.0415
0,12,2.9883
1,12,3.3479
2,12,3.8112
0,12,3.0015
1,12,3.6156
2,12,3.1799
0,12,2.9619
1,12,3.5632
2,12,3.5753
0,12,2.9652
1,12,3.7364
2,12,3.3913
0,12,2.9969
1,12,4.2043
2,12,4.2128
0,12,2.9807
1,12,3.7927
2,12,3.5816
0,12,3.0001
1,12,3.2959
2,12,4.2060
0,12,3.1225
1,12,3.1257
2,12,3.1951
0,12,2.9856
1,12,3.5216
2,12,4.0878
0,12,3.0195
1,12,3.7449
2,12,4.1324
0,12,2.9701
1,12,4.0255
2,12,3.4997
0,12,3.3625
1,12,3.3102
2,12,3.5440
1,12,3.3838
0,12,2.9748
2,12,4.4091
1,12,3.4513
0,12,2.9801
2,12,3.1252
1,12,3.1606
0,12,3.0058
2,12,3.7043
0,12,2.9888
1,12,3.5265
2,12,3.7671
0,12,3.0219
1,12,4.1690
2,12,4.2114
0,12,3.0157
1,12,3.5047
2,12,3.3669
0,12,3.0172
1,12,3.6019
2,12,3.5684
0,12,2.9903
1,12,3.2773
2,12,4.2779
0,12,3.0040
1,12,3.7775
2,12,3.4956
0,12,2.9908
1,12,3.9407
2,12,4.0038
0,12,2.9650
1,12,3.4908
2,12,3.8771
0,12,3.0270
1,12,3.7200
2,12,4.2821
0,12,3.3769
1,12,3.6839
2,12,3.6553
0,12,2.9779
1,12,3.6184
2,12,3.9744
0,12,4.1558
1,12,3.5863
2,12,4.1441
0,12,4.1458
1,12,3.5693
2,12,4.1544
0,12,3.0270
1,12,4.2034
2,12,3.5960
0,12,2.9880
1,12,3.6356
2,12,4.1763
2,13,3.6827
0,13,2.9698
1,13,3.5550
0,13,2.9691
2,13,3.9138
1,13,3.5132
2,13,3.2510
0,13,2.9391
1,13,3.6098
2,13,3.4537
1,13,3.1638
0,13,3.0039
1,13,3.6580
0,13,2.9628
2,13,4.1303
1,13,4.0779
0,13,2.9829
2,13,4.2425
1,13,3.3658
0,13,2.9693
2,13,3.4122
1,13,3.6296
0,13,2.9855
2,13,3.8211
1,13,3.3391
0,13,3.0374
2,13,3.5418
1,13,3.4259
0,13,2.9705
2,13,4.2473
1,13,3.9153
0,13,2.9646
2,13,3.4401
1,13,3.7028
0,13,2.9645
2,13,4.2462
1,13,3.6187
0,13,2.9691
2,13,4.2873
1,13,3.6022
0,13,2.9648
2,13,3.9000
1,13,3.3297
0,13,2.9835
2,13,4.0420
1,13,3.6006
0,13,2.9601
2,13,4.3673
1,13,4.2430
0,13,2.9764
2,13,4.4235
1,13,4.0876
0,13,2.9596
2,13,3.4256
1,13,3.3909
0,13,2.9558
2,13,3.4326
1,13,3.9997
0,13,2.9832
2,13,3.6984
1,13,3.5556
0,13,3.3325
2,13,3.0227
1,13,3.3043
0,13,2.9650
2,13,4.1715
1,13,3.7589
0,13,2.9849
2,13,4.1293
1,13,4.1082
0,13,2.9863
2,13,3.7472
1,13,4.1077
0,13,2.9727
2,13,3.7371
1,13,3.4313
0,13,3.0050
2,13,3.4212
1,13,3.7467
0,13,2.9788
2,13,3.7259
1,13,3.5344
0,13,3.1824
2,13,4.3051
1,13,4.2122
0,13,2.9829
2,13,4.1639
1,13,3.5637
0,13,2.9658
2,13,4.1536
1,13,4.1870
0,13,2.9498
2,13,4.1514
1,13,3.3807
0,13,2.9730
2,13,3.8123
1,13,4.1435
0,13,2.9747
2,13,3.4765
1,13,3.6587
0,13,3.0086
2,13,3.7127
1,13,3.8790
0,13,2.9542
2,13,4.1540
1,13,3.4327
0,13,2.9749
2,13,3.9961
1,13,4.1866
0,13,2.9859
2,13,3.8151
1,13,4.1890
0,13,2.9670
2,13,3.6636
1,13,4.2637
0,13,2.9905
2,13,3.9068
1,13,3.9218
0,13,2.9604
2,13,4.2445
1,13,3.5556
0,13,2.9201
2,13,4.2540
1,13,4.0750
0,13,3.0221
2,13,3.9762
1,13,3.4415
0,13,2.9759
2,13,4.2872
1,13,3.4125
0,13,3.0084
2,13,4.1038
1,13,3.8801
0,13,2.9429
2,13,3.9152
1,13,3.1669
0,13,2.9866
2,13,3.6048
1,13,3.7526
0,13,2.9780
2,13,3.6112
1,13,3.7232
0,13,2.9770
2,13,3.9251
1,13,3.4250
0,13,3.0078
2,13,3.9966
1,13,3.7470
0,13,2.9906
2,13,4.2686
1,14,4.0253
0,14,2.9756
2,14,3.8635
1,14,4.0117
0,14,2.9682
2,14,4.0692
1,14,3.6402
0,14,3.1152
2,14,3.2538
0,14,2.9628
1,14,3.7753
2,14,4.2481
0,14,3.2216
1,14,3.6512
2,14,3.8129
1,14,3.1292
0,14,2.9570
2,14,4.0701
1,14,4.0698
0,14,2.9781
2,14,3.8715
1,14,4.2195
0,14,2.9641
2,14,3.8856
1,14,3.5935
0,14,2.9734
2,14,3.3988
1,14,3.1636
0,14,2.9752
2,14,3.4977
1,14,3.5685
0,14,2.9697
2,14,4.3239
1,14,3.6264
0,14,2.9617
2,14,3.9571
1,14,3.3373
0,14,3.1756
2,14,3.1619
1,14,3.5347
0,14,2.9817
2,14,3.9350
1,14,3.8235
0,14,2.9836
2,14,3.4145
1,14,4.1355
0,14,2.9638
2,14,4.2270
1,14,3.4299
0,14,2.9627
2,14,3.8411
1,14,4.1088
0,14,2.9677
2,14,3.5727
1,14,3.4729
0,14,2.9929
2,14,3.7214
1,14,3.4324
0,14,2.9926
2,14,4.2457
1,14,3.2162
0,14,3.0150
2,14,4.0426
1,14,3.6754
0,14,2.9875
2,14,3.6887
1,14,4.0066
0,14,2.9772
2,14,3.0464
1,14,3.3910
0,14,2.9794
2,14,3.8645
1,14,3.4142
0,14,2.9457
2,14,3.7314
1,14,3.7662
0,14,2.9679
2,14,4.1311
1,14,3.3168
0,14,2.9738
2,14,4.2533
1,14,3.6864
0,14,2.9828
2,14,3.2435
1,14,4.2173
0,14,2.9805
2,14,4.0854
1,14,3.6394
0,14,3.1951
2,14,4.0872
1,14,3.8404
0,14,2.9830
2,14,4.0045
1,14,3.3472
0,14,2.9852
2,14,4.2211
1,14,4.1422
0,14,2.9476
2,14,3.7884
1,14,3.5903
0,14,2.9534
2,14,4.0863
1,14,3.7838
0,14,2.9684
2,14,4.1860
1,14,3.4176
0,14,2.9565
2,14,3.9804
1,14,3.7206
0,14,2.9791
2,14,4.1947
1,14,3.7983
0,14,2.9649
2,14,3.6262
1,14,3.2622
0,14,2.9681
2,14,4.1780
1,14,4.2024
0,14,2.9917
2,14,4.4007
1,14,3.7276
0,14,2.9939
2,14,3.4767
1,14,3.5422
0,14,2.9705
2,14,4.2683
1,14,3.2632
0,14,2.9600
2,14,3.4235
1,14,3.3865
0,14,2.9591
1,14,3.5435
2,14,3.6790
0,14,2.9827
1,14,3.7742
2,14,3.9836
0,14,2.9648
1,14,3.3113
2,14,3.7559
0,14,2.9769
1,14,3.8262
2,14,3.4815
0,14,2.9261
1,14,3.0584
2,14,4.2041
0,14,2.9761
1,14,3.6047
2,14,3.8097
0,14,2.9857
2,14,4.2525
2,15,3.5545
1,15,3.6506
0,15,2.9701
1,15,3.1113
2,15,3.3158
0,15,2.9965
1,15,4.2524
2,15,3.3252
0,15,2.9551
1,15,3.0409
2,15,4.1377
0,15,2.9757
1,15,3.4159
2,15,4.1231
0,15,2.9448
1,15,3.9436
2,15,4.2094
0,15,2.9591
1,15,4.2482
2,15,3.1627
0,15,2.9639
1,15,4.1323
2,15,3.3547
0,15,2.9476
1,15,3.7558
2,15,3.7194
0,15,2.9787
1,15,3.0318
2,15,4.2539
0,15,2.9675
1,15,4.1921
2,15,3.9762
0,15,2.9642
1,15,3.3304
0,15,3.3924
2,15,4.1827
1,15,3.4104
0,15,2.9430
2,15,4.2213
1,15,3.5780
0,15,2.9605
2,15,3.8727
1,15,3.0619
0,15,2.9655
2,15,3.5456
1,15,4.0644
0,15,2.9456
2,15,4.0381
1,15,4.2603
0,15,4.0996
2,15,3.3342
1,15,3.3276
0,15,3.2368
2,15,3.5570
1,15,3.7257
0,15,2.9539
2,15,3.7902
1,15,3.3522
0,15,2.9669
2,15,4.1380
1,15,3.5406
0,15,2.9740
2,15,3.4288
1,15,4.1299
0,15,2.9712
2,15,4.2454
1,15,4.1746
0,15,2.9610
2,15,3.9320
1,15,3.5305
0,15,2.9890
2,15,4.0904
1,15,3.4544
0,15,3.3455
2,15,4.1545
1,15,3.8751
0,15,2.9763
2,15,4.3703
1,15,3.6233
0,15,2.9539
2,15,3.4128
1,15,3.5526
0,15,2.9970
2,15,3.4401
1,15,3.2065
0,15,2.9799
2,15,4.1866
1,15,3.5787
0,15,2.9692
2,15,3.7507
1,15,3.1928
0,15,2.9652
2,15,3.9803
1,15,3.4477
0,15,3.0550
2,15,4.1356
1,15,3.4984
0,15,2.9719
2,15,3.6576
1,15,3.9956
0,15,2.9546
2,15,4.4624
1,15,4.0901
0,15,2.9601
2,15,3.4831
1,15,3.6167
0,15,2.9658
2,15,3.3911
1,15,4.1834
0,15,2.9773
2,15,3.2996
1,15,3.9859
0,15,2.9793
2,15,4.2138
1,15,3.3934
0,15,2.9621
2,15,4.3789
1,15,3.5557
0,15,2.9816
2,15,4.3026
1,15,3.2803
0,15,3.1979
2,15,3.3014
1,15,4.2217
0,15,2.9765
2,15,3.6405
1,15,4.1536
0,15,3.1715
2,15,3.5357
1,15,3.3444
0,15,2.9618
2,15,3.2793
1,15,3.4818
0,15,2.9183
2,15,4.2052
1,15,3.5258
0,15,2.9792
2,15,3.8962
1,15,4.1278
0,15,2.9472
2,15,3.8824
1,15,3.2400
0,15,2.9678
2,15,4.0921
1,15,3.4471
0,15,2.9820
2,15,4.2408
1,15,3.4828
0,15,2.9748
2,15,3.4415
1,16,4.2540
0,16,2.9708
2,16,3.8804
0,16,2.9772
1,16,3.9008
2,16,4.2100
0,16,3.0030
1,16,3.3765
2,16,4.1489
1,16,3.8840
0,16,3.0517
2,16,3.6347
1,16,3.7708
0,16,3.0853
2,16,3.6771
0,16,2.9567
1,16,3.5307
2,16,3.5682
1,16,3.1352
0,16,2.9611
2,16,4.2986
1,16,4.1609
0,16,2.9472
2,16,4.2764
1,16,3.4757
0,16,2.9681
2,16,3.3328
1,16,4.2242
0,16,2.9930
2,16,3.5097
1,16,3.3603
0,16,3.0625
2,16,4.2919
0,16,2.9737
1,16,3.7060
2,16,3.8124
0,16,2.9865
1,16,3.5553
2,16,4.1883
1,16,4.1995
0,16,2.9764
2,16,4.0707
1,16,3.3292
0,16,2.9733
2,16,4.0687
1,16,3.4897
0,16,3.0344
2,16,3.5593
1,16,3.1745
0,16,2.9515
2,16,3.7410
1,16,4.1958
0,16,2.9419
2,16,3.5237
1,16,4.1269
0,16,2.9762
2,16,4.2184
1,16,3.2435
0,16,2.9837
2,16,4.2274
1,16,3.2325
0,16,2.9566
2,16,4.1193
1,16,4.1524
0,16,2.9624
2,16,3.8324
1,16,3.5906
0,16,2.9699
2,16,3.4170
1,16,3.1457
0,16,2.9710
2,16,4.0735
1,16,3.4971
0,16,3.0459
2,16,3.6546
1,16,4.2029
0,16,2.9292
2,16,3.7717
1,16,3.2778
0,16,2.9819
2,16,4.2058
1,16,3.9419
0,16,2.9471
2,16,3.5120
0,16,2.9248
1,16,3.4541
2,16,4.2019
1,16,3.5205
0,16,4.0823
2,16,3.9953
1,16,3.6743
0,16,2.9566
2,16,3.3887
1,16,3.8505
0,16,2.9554
2,16,4.2647
1,16,3.2389
0,16,2.9623
1,16,4.1637
2,16,4.2493
0,16,3.1595
1,16,3.5073
2,16,3.3023
0,16,2.9691
1,16,3.6496
2,16,4.2252
0,16,2.9800
1,16,3.7623
2,16,3.3532
0,16,2.9876
1,16,4.2042
2,16,3.3630
0,16,2.9627
1,16,3.6891
2,16,4.2002
0,16,2.9908
1,16,4.2082
2,16,3.3959
0,16,2.9844
1,16,4.1077
2,16,3.5987
0,16,2.9756
1,16,4.2807
2,16,3.6794
0,16,2.9836
1,16,3.5501
2,16,4.2166
0,16,2.9648
1,16,3.1694
2,16,4.2397
0,16,2.8898
1,16,3.4830
0,16,2.9673
2,16,4.2172
1,16,3.4240
2,16,4.2582
0,16,3.4099
1,16,3.3092
2,16,3.3338
0,16,2.9455
1,16,3.8840
2,16,3.3686
0,16,2.9840
1,16,3.2694
2,16,4.2261
0,16,2.9817
1,16,4.2042
2,16,4.0566
0,16,2.9535
2,16,4.2016
2,17,3.1979
1,17,3.8241
0,17,2.9265
1,17,3.8063
2,17,4.1829
0,17,2.9648
1,17,3.3447
2,17,3.2949
0,17,2.9608
1,17,3.2382
2,17,4.0115
0,17,2.9427
1,17,3.5182
2,17,4.1135
0,17,2.9218
1,17,3.7073
0,17,2.9191
2,17,3.7397
1,17,3.4405
0,17,2.9172
2,17,4.1430
1,17,3.4521
2,17,3.1678
0,17,2.9688
1,17,3.5056
2,17,4.2502
0,17,2.9674
1,17,3.1726
0,17,3.0519
2,17,3.4222
1,17,4.1547
0,17,3.0519
2,17,4.1044
1,17,3.3423
0,17,2.9571
2,17,3.9865
1,17,3.8544
0,17,2.9693
2,17,4.1828
1,17,4.2608
0,17,2.9740
2,17,3.5087
1,17,3.9330
0,17,3.5780
2,17,3.8427
1,17,3.8148
0,17,2.9701
2,17,4.2228
1,17,3.3786
0,17,2.9665
2,17,3.7625
1,17,3.7017
0,17,2.9172
2,17,4.1958
1,17,4.1512
0,17,2.9124
2,17,3.2244
1,17,3.3619
0,17,2.9886
2,17,3.9281
1,17,3.5873
0,17,2.9348
2,17,4.3033
1,17,3.3262
0,17,2.9983
2,17,3.7350
1,17,4.0959
0,17,2.9443
2,17,3.4886
1,17,3.4684
0,17,2.9007
2,17,4.1949
1,17,3.3547
0,17,2.9730
2,17,4.0946
1,17,4.1905
0,17,2.9711
2,17,3.1734
1,17,3.8216
0,17,3.1705
2,17,4.1541
1,17,3.4922
0,17,2.9634
2,17,4.1548
1,17,4.1222
0,17,2.9460
2,17,3.4490
1,17,3.3726
0,17,3.2004
2,17,4.1309
1,17,3.3494
0,17,2.9548
2,17,3.7782
1,17,3.4518
0,17,2.9837
2,17,3.4461
1,17,3.1558
0,17,2.9693
2,17,3.4255
1,17,3.5146
0,17,2.9665
2,17,3.8286
1,17,3.5681
0,17,2.9898
2,17,3.2206
1,17,3.5198
0,17,2.9707
2,17,3.6201
1,17,3.4360
0,17,3.0367
2,17,4.2843
1,17,3.7907
0,17,2.9572
2,17,4.2628
1,17,3.3791
0,17,2.9618
2,17,3.2082
1,17,3.4463
0,17,2.9856
2,17,3.3792
1,17,3.7009
0,17,2.9745
2,17,3.9223
1,17,4.2768
0,17,2.9239
2,17,3.9580
1,17,3.3886
0,17,3.3155
2,17,4.1229
1,17,3.9103
0,17,2.9807
2,17,4.1233
1,17,3.5705
0,17,3.0348
2,17,4.2230
1,17,3.7507
0,17,2.9261
2,17,3.5423
1,17,3.1243
0,17,2.9748
2,17,3.6062
1,17,4.0389
0,17,3.0037
2,17,4.2251
1,17,4.1242
0,17,2.9457
2,17,3.6280
1,17,3.5629
0,17,2.9620
2,17,4.1593
0,18,2.9566
2,18,4.2060
1,18,4.0796
0,18,2.9163
1,18,4.1714
2,18,4.1995
1,18,3.1201
0,18,2.9531
2,18,4.2191
0,18,2.9784
1,18,3.6172
2,18,4.2218
1,18,3.6468
0,18,2.9280
2,18,3.3044
1,18,4.4095
0,18,2.9571
2,18,4.1900
0,18,2.9288
1,18,3.3261
2,18,3.2757
0,18,2.9687
1,18,3.5820
2,18,4.1763
0,18,2.9608
1,18,4.1603
2,18,3.2181
1,18,3.5489
0,18,2.8954
2,18,4.1333
1,18,3.6192
0,18,2.9588
2,18,3.3872
1,18,3.2556
0,18,2.9567
2,18,3.9198
1,18,3.3223
0,18,2.9186
2,18,3.5592
1,18,3.9180
0,18,2.9596
2,18,3.9365
1,18,3.9077
0,18,2.9603
2,18,3.7399
1,18,3.7724
0,18,2.9250
2,18,3.6435
1,18,3.1876
0,18,2.9596
2,18,3.4414
1,18,3.6781
0,18,2.8997
2,18,3.4709
1,18,4.1729
0,18,2.9546
2,18,4.2947
1,18,3.3694
0,18,2.9989
2,18,3.5559
1,18,4.0775
0,18,4.0817
2,18,4.1835
1,18,4.1476
0,18,2.9731
2,18,3.4800
1,18,3.4044
0,18,2.9266
2,18,3.6941
1,18,3.4417
0,18,2.9081
2,18,3.7152
1,18,3.5646
0,18,2.9557
2,18,4.1963
1,18,4.1497
0,18,2.9073
2,18,4.0292
1,18,3.2501
0,18,2.9350
2,18,4.0397
1,18,3.1217
0,18,2.9309
2,18,4.2541
1,18,3.9496
0,18,2.9039
2,18,3.9878
1,18,3.6616
0,18,2.9480
2,18,4.1121
1,18,3.4825
0,18,2.9331
2,18,3.0852
1,18,3.4190
0,18,3.0736
2,18,3.4126
1,18,4.2105
0,18,3.1208
2,18,3.5044
1,18,3.7332
0,18,2.9626
2,18,4.0538
1,18,3.5913
0,18,3.1600
2,18,3.2822
1,18,3.7082
0,18,2.9332
2,18,3.7087
1,18,3.6134
0,18,2.9188
2,18,4.1213
1,18,4.1507
0,18,2.9323
2,18,3.0351
1,18,3.5554
0,18,2.9725
2,18,4.2782
1,18,3.7433
0,18,2.9637
2,18,3.4116
1,18,4.1284
0,18,2.9235
2,18,4.0920
1,18,4.0760
0,18,2.9732
2,18,4.3096
1,18,3.9236
0,18,2.9383
2,18,3.4332
1,18,3.6453
0,18,2.9162
2,18,3.3798
1,18,3.8909
0,18,2.9790
2,18,4.2232
1,18,3.5214
0,18,2.9187
2,18,3.5273
1,18,3.4586
0,18,3.0074
2,18,4.1983
1,18,4.1245
0,18,2.9396
2,18,3.7900
1,18,3.4752
0,18,2.9383
2,18,3.5907
1,18,3.9082
0,18,2.9591
2,18,3.2592
1,19,3.1412
2,19,4.0698
0,19,2.9153
1,19,3.5009
0,19,2.9341
2,19,4.2333
1,19,3.7516
0,19,2.9228
2,19,3.6300
1,19,4.1367
0,19,2.9243
2,19,3.9040
1,19,4.1501
0,19,2.9436
2,19,3.7237
1,19,3.7969
0,19,2.9132
2,19,4.2576
1,19,4.0653
0,19,3.0654
2,19,4.2738
1,19,3.3446
0,19,2.9103
2,19,4.1868
1,19,3.7706
0,19,2.8982
2,19,4.1939
1,19,3.9351
0,19,3.3424
2,19,4.1821
1,19,3.7745
0,19,2.9297
2,19,4.3347
1,19,4.1756
0,19,2.9226
2,19,3.2193
1,19,4.0066
0,19,2.9104
2,19,3.3259
1,19,4.1568
0,19,2.9171
2,19,4.1970
1,19,3.6235
0,19,3.1908
2,19,3.5649
1,19,3.8054
0,19,2.9540
2,19,3.4816
1,19,4.1484
0,19,2.9059
2,19,3.6474
1,19,3.9223
0,19,2.9267
2,19,3.8085
1,19,4.0746
0,19,2.9302
2,19,4.2175
1,19,3.3645
0,19,2.9253
2,19,3.5799
1,19,4.1343
0,19,2.9146
2,19,4.1593
1,19,3.8012
0,19,2.9151
2,19,3.4146
1,19,3.2651
0,19,2.9250
2,19,3.8700
1,19,3.1213
0,19,2.9294
2,19,3.3765
1,19,3.4387
0,19,2.9103
2,19,3.6330
1,19,3.4752
0,19,2.9634
2,19,3.4998
1,19,3.8546
0,19,2.9382
2,19,3.4088
1,19,3.1810
0,19,2.9322
2,19,3.6281
1,19,3.5644
0,19,2.9108
2,19,3.5074
1,19,3.2936
0,19,2.9169
2,19,3.4241
1,19,3.4252
0,19,2.9099
2,19,3.2861
1,19,3.5622
0,19,2.9236
2,19,3.3859
1,19,3.9114
0,19,2.9796
2,19,3.6753
1,19,3.5284
0,19,2.8977
2,19,3.9283
1,19,3.3052
0,19,2.9263
2,19,4.1209
1,19,3.3327
0,19,2.9149
2,19,4.2184
1,19,3.5257
0,19,2.9183
2,19,3.7865
1,19,3.4776
0,19,2.9469
2,19,3.8374
1,19,3.3113
0,19,2.9517
2,19,3.6909
1,19,4.0932
0,19,2.9292
2,19,3.8417
1,19,3.1942
0,19,2.8980
2,19,4.2030
1,19,3.7469
0,19,2.9199
2,19,4.1041
1,19,4.0538
0,19,2.9294
2,19,3.2979
1,19,3.8004
0,19,2.9301
2,19,3.9780
1,19,4.0653
0,19,2.9008
2,19,4.1707
1,19,3.4382
0,19,2.9282
1,19,3.2729
2,19,4.1566
0,19,2.9168
2,19,4.1708
1,19,3.5364
0,19,2.9246
1,19,3.4937
2,19,4.1669
0,19,2.8994
1,19,3.5508
2,19,3.7021
0,19,2.9122
2,19,4.4008
1,20,3.6310
2,20,4.2636
0,20,3.3258
2,20,3.7220
0,20,2.9168
1,20,3.8267
2,20,4.1607
0,20,2.9098
1,20,4.2545
2,20,4.1832
0,20,2.9094
1,20,3.5456
2,20,3.3037
0,20,3.1998
1,20,4.1623
2,20,4.3793
1,20,3.0403
0,20,2.9245
1,20,3.3345
2,20,4.0546
0,20,2.9194
1,20,3.4735
2,20,3.4960
0,20,2.9227
1,20,3.2844
2,20,4.1050
0,20,2.9219
1,20,3.8318
2,20,4.2270
0,20,2.8972
1,20,3.3158
2,20,4.1665
0,20,2.9095
1,20,3.3474
2,20,3.6235
0,20,2.9443
1,20,4.0816
2,20,4.2014
0,20,2.9172
1,20,3.7035
2,20,4.1767
0,20,2.9280
1,20,4.1783
2,20,4.0379
0,20,2.9095
1,20,4.2464
2,20,4.2131
0,20,2.9099
1,20,3.8209
2,20,4.1799
0,20,2.9443
1,20,4.1733
2,20,3.2465
0,20,2.9327
1,20,4.1530
2,20,3.5191
0,20,2.9500
1,20,4.0350
2,20,3.4815
0,20,2.9062
2,20,3.3387
1,20,3.7947
0,20,2.9202
2,20,4.1300
1,20,2.9898
0,20,2.9125
1,20,3.0442
2,20,3.9068
0,20,2.9104
1,20,3.1293
2,20,4.1661
0,20,2.9233
1,20,4.1571
2,20,3.9176
0,20,2.9320
1,20,3.6751
2,20,4.1184
0,20,2.9164
1,20,3.9406
2,20,3.6731
0,20,3.1523
1,20,3.2104
2,20,3.8598
0,20,2.9284
1,20,4.1135
0,20,3.0940
2,20,4.1826
1,20,3.4831
0,20,2.9071
2,20,4.1811
1,20,4.1903
0,20,2.9021
2,20,4.1046
1,20,3.5584
0,20,2.8928
2,20,3.9804
1,20,4.1694
0,20,3.0621
2,20,3.5208
1,20,3.7327
0,20,3.1289
2,20,4.1060
1,20,3.8101
0,20,2.9148
2,20,4.1370
1,20,3.9259
0,20,2.9163
2,20,4.0334
1,20,3.5033
0,20,2.9077
2,20,4.0342
1,20,3.6163
0,20,2.9273
2,20,3.6540
1,20,3.5833
0,20,2.9155
2,20,3.2334
1,20,3.7128
0,20,2.9163
2,20,4.4213
1,20,3.6348
0,20,2.9097
2,20,4.3248
0,20,2.9403
1,20,3.9229
2,20,4.2186
0,20,2.9118
1,20,3.4356
2,20,4.0854
1,20,4.1485
0,20,2.9100
2,20,4.0744
1,20,3.4237
0,20,2.9253
2,20,4.2317
1,20,3.4083
0,20,2.9073
2,20,4.2171
1,20,3.4746
0,20,2.9100
2,20,4.2371
0,20,3.3250
1,20,3.4823
2,20,3.3406
1,20,4.0684
0,20,2.8671
2,20,3.6538
1,20,3.8572
0,20,2.9125
2,20,4.0238
2,21,3.9125
0,21,2.9102
1,21,3.7400
2,21,4.2176
0,21,2.8880
1,21,3.7414
2,21,3.7123
0,21,2.9106
1,21,3.8206
2,21,3.7926
0,21,2.9041
1,21,3.4807
2,21,4.2449
0,21,2.9140
1,21,3.6127
2,21,3.2371
0,21,2.9089
1,21,3.4600
2,21,4.2588
0,21,2.9318
1,21,3.6852
2,21,3.9506
0,21,2.9073
1,21,4.0821
2,21,4.2129
1,21,3.3180
0,21,2.8934
2,21,3.1402
0,21,2.9157
1,21,3.4506
2,21,3.6889
1,21,3.5684
0,21,2.9165
2,21,3.1835
1,21,3.8509
0,21,2.9052
2,21,4.2337
0,21,2.9026
1,21,3.7677
2,21,3.9435
0,21,2.9085
1,21,3.9351
2,21,4.2018
0,21,2.9151
1,21,4.3434
2,21,4.2084
0,21,2.9121
1,21,4.1844
2,21,4.2575
0,21,2.9075
1,21,3.4053
2,21,3.3965
0,21,2.9189
1,21,3.9742
2,21,4.1845
0,21,2.9054
1,21,4.2097
2,21,4.2122
0,21,2.9187
1,21,3.4989
1,21,3.2574
2,21,3.9665
0,21,2.9300
1,21,3.4562
0,21,2.9084
2,21,4.2428
2,21,3.6170
0,21,2.9342
1,21,4.1877
0,21,2.8947
2,21,4.2097
1,21,3.3758
1,21,3.9202
0,21,2.9215
2,21,4.1868
0,21,2.9049
1,21,4.1800
2,21,3.8844
1,21,3.3728
0,21,2.9315
2,21,3.2881
1,21,3.7816
0,21,3.0987
2,21,4.1682
1,21,3.1196
0,21,2.9117
2,21,4.2549
1,21,3.9407
0,21,2.9082
2,21,4.1052
1,21,3.4188
0,21,2.8982
2,21,4.2625
1,21,3.4652
0,21,2.9294
2,21,4.1795
1,21,4.1052
0,21,2.8988
2,21,3.6343
1,21,3.5489
0,21,3.2307
2,21,3.2556
1,21,4.1668
0,21,2.9011
2,21,3.6156
1,21,4.2107
0,21,2.9023
2,21,4.2545
1,21,4.0495
0,21,2.9012
2,21,4.2296
1,21,3.6852
0,21,2.8972
2,21,4.2603
1,21,3.6608
0,21,2.8964
2,21,3.4598
1,21,3.1578
0,21,2.9137
2,21,4.1572
1,21,4.1675
0,21,2.9275
2,21,4.0889
1,21,3.4496
0,21,2.9170
2,21,4.0859
1,21,3.9633
0,21,2.9170
2,21,4.1278
1,21,3.5029
0,21,2.9051
2,21,3.3006
1,21,3.5482
0,21,2.8882
2,21,4.2965
1,21,3.4618
0,21,2.9053
2,21,4.2015
1,21,3.5505
0,21,2.8996
2,21,3.5686
1,21,4.1109
0,21,2.9111
2,21,4.0226
1,21,3.3057
0,21,2.9236
2,21,4.2192
1,21,3.7750
0,21,2.9064
2,21,3.5391
0,22,2.9076
2,22,4.0428
1,22,3.9055
0,22,2.9091
2,22,3.2274
1,22,3.8116
0,22,2.8889
2,22,4.3613
1,22,4.1716
0,22,2.8960
2,22,3.4061
1,22,3.8546
2,22,4.2196
0,22,2.9260
1,22,4.1716
2,22,4.1488
0,22,2.9165
1,22,4.0391
0,22,2.9180
2,22,4.1745
1,22,3.4270
0,22,2.8940
2,22,4.1976
1,22,3.2361
1,22,3.1842
0,22,2.9130
2,22,3.8174
1,22,4.1963
0,22,2.9260
2,22,4.2271
1,22,3.4162
0,22,2.9191
2,22,3.8759
1,22,4.1727
0,22,2.9074
2,22,3.2621
1,22,3.4638
0,22,2.9293
2,22,4.1839
0,22,2.9031
1,22,3.3749
2,22,3.6467
0,22,2.9043
1,22,4.1530
2,22,4.2635
0,22,3.0187
1,22,3.6672
2,22,3.4803
0,22,2.9139
1,22,4.2262
2,22,3.6310
0,22,2.9096
1,22,3.4035
2,22,3.2853
0,22,2.9128
1,22,3.8808
2,22,4.1817
0,22,2.8966
1,22,3.3239
2,22,3.6278
0,22,2.9149
1,22,3.3836
2,22,3.5139
0,22,2.9248
1,22,3.3276
2,22,3.0878
0,22,2.9283
1,22,3.5003
2,22,4.1564
0,22,2.8949
1,22,3.2862
2,22,4.2587
0,22,2.8901
1,22,4.2601
2,22,4.1196
0,22,2.9197
1,22,4.1021
2,22,4.2834
0,22,2.9215
1,22,4.1519
2,22,3.2056
0,22,2.9317
1,22,3.7205
2,22,4.2173
0,22,2.8937
1,22,4.0850
2,22,4.2281
0,22,2.8975
1,22,3.4131
2,22,3.7310
1,22,3.3295
0,22,2.9181
2,22,4.2541
1,22,3.5302
0,22,2.9139
2,22,4.2100
1,22,4.1687
0,22,2.9135
2,22,3.4646
1,22,3.6036
0,22,2.9211
2,22,3.4244
1,22,4.0573
0,22,2.9063
2,22,4.0482
1,22,4.0956
0,22,2.9146
2,22,3.8087
1,22,4.2163
0,22,2.9107
2,22,3.5222
1,22,3.0491
0,22,2.9220
2,22,4.2074
1,22,3.9658
0,22,2.9091
2,22,4.1253
1,22,3.6989
0,22,2.9127
2,22,4.3883
1,22,4.1367
0,22,2.9172
2,22,3.2146
1,22,3.5304
0,22,2.9146
2,22,4.1600
1,22,3.2890
0,22,2.9115
2,22,4.3418
1,22,3.1674
0,22,2.8961
2,22,3.1332
1,22,3.9296
0,22,2.9753
2,22,3.8215
1,22,3.4201
0,22,2.9141
2,22,4.0010
1,22,3.4598
0,22,2.9127
2,22,4.1146
1,22,3.2488
0,22,3.0747
2,22,4.2971
1,22,3.7693
0,22,2.8966
2,22,3.5297
1,22,4.0504
0,22,2.9286
2,22,4.0852
1,23,4.1069
2,23,3.9109
0,23,3.2438
1,23,3.6493
2,23,4.1202
0,23,3.1265
1,23,3.4890
0,23,2.9062
2,23,4.3973
1,23,3.5507
0,23,2.9336
2,23,3.9335
1,23,3.2734
0,23,3.1848
2,23,3.9360
1,23,4.0630
0,23,2.9299
2,23,3.5965
1,23,3.3754
0,23,2.9351
2,23,4.0790
1,23,3.2512
0,23,2.9091
2,23,4.0035
1,23,3.5293
0,23,2.9267
2,23,3.8534
1,23,3.5545
0,23,2.9154
2,23,3.4677
1,23,4.1650
0,23,2.9190
2,23,3.2201
1,23,3.8525
0,23,2.9423
2,23,3.9597
1,23,3.8594
0,23,2.9215
2,23,4.4256
1,23,4.1568
0,23,2.9070
2,23,3.0506
1,23,4.0960
0,23,2.9034
2,23,4.2126
1,23,3.3145
0,23,2.9164
2,23,4.1277
1,23,3.6426
0,23,4.1767
2,23,3.2627
1,23,3.2931
0,23,2.8957
2,23,3.5158
1,23,3.5369
0,23,2.9142
2,23,3.6192
1,23,3.2216
0,23,2.9052
2,23,3.8939
1,23,4.0479
0,23,2.9082
2,23,3.3766
1,23,3.5653
0,23,2.8927
2,23,3.4832
1,23,3.9891
0,23,2.9031
2,23,4.2248
1,23,3.5348
0,23,2.9806
2,23,3.0839
1,23,3.7248
0,23,2.9338
2,23,3.9583
1,23,3.5756
0,23,2.9000
2,23,4.1965
1,23,4.0807
0,23,2.9248
2,23,3.5198
1,23,3.4261
0,23,2.8802
2,23,3.3191
1,23,3.6852
0,23,2.9200
2,23,3.4630
1,23,3.1490
0,23,2.9018
2,23,4.1827
1,23,3.7641
0,23,2.9126
2,23,4.2800
1,23,3.9235
0,23,2.8923
2,23,3.6823
1,23,3.5199
0,23,2.8997
2,23,3.9904
1,23,3.5395
0,23,3.0615
2,23,3.2784
1,23,3.8052
0,23,2.8950
2,23,4.0124
1,23,3.5050
0,23,2.9238
2,23,3.1456
1,23,3.9640
0,23,2.9286
2,23,4.1572
1,23,3.2287
0,23,2.9146
2,23,4.0973
1,23,3.3798
0,23,2.9027
2,23,3.6196
1,23,3.1155
0,23,2.9213
2,23,4.1930
1,23,3.3812
0,23,2.8983
2,23,4.0948
1,23,4.1865
0,23,2.9128
2,23,4.2551
1,23,3.5869
0,23,2.9083
1,23,3.3166
2,23,4.1835
0,23,2.9128
1,23,3.2828
2,23,3.6633
0,23,2.9125
1,23,3.3256
2,23,3.1595
0,23,2.9336
1,23,3.7355
2,23,3.9920
0,23,3.2167
1,23,3.8752
2,23,2.9973
0,23,2.8951
1,23,3.9883
2,23,3.8622
0,23,2.9519
1,23,3.7813
2,23,4.2507
0,23,2.9302
2,23,4.2034
1,24,3.3935
2,24,3.8355
0,24,2.9401
0,24,2.9074
1,24,4.2930
2,24,4.1864
0,24,2.9092
1,24,4.1169
2,24,3.7953
1,24,3.0505
0,24,2.8776
2,24,3.5661
1,24,3.5585
0,24,2.9422
2,24,3.4360
1,24,3.3911
0,24,2.9332
2,24,3.3173
1,24,3.4217
0,24,2.9191
2,24,4.4243
1,24,3.6963
0,24,2.9037
2,24,3.2841
1,24,4.2169
0,24,2.9049
2,24,4.0873
1,24,4.1511
0,24,2.9073
2,24,4.1205
1,24,3.9944
0,24,2.9012
2,24,3.9183
1,24,4.0789
0,24,3.2198
2,24,4.1302
1,24,3.8351
0,24,2.9071
2,24,3.6898
1,24,3.7173
0,24,2.9420
2,24,4.2932
1,24,3.6202
0,24,2.9174
2,24,3.7082
1,24,3.4145
0,24,2.9094
2,24,4.3824
1,24,4.0400
0,24,2.9096
2,24,4.1924
1,24,3.9665
0,24,3.0320
2,24,4.2441
1,24,3.6107
0,24,2.9051
2,24,4.1847
1,24,3.3603
0,24,2.9172
2,24,4.1336
1,24,4.1628
0,24,2.9197
2,24,3.4361
1,24,4.0515
0,24,2.9068
2,24,3.1651
1,24,3.9798
0,24,2.8789
2,24,4.0315
1,24,3.4461
0,24,3.1369
2,24,4.1693
1,24,4.1903
0,24,2.8970
2,24,3.4081
1,24,3.3658
0,24,2.9071
2,24,4.0798
1,24,3.5690
0,24,2.9105
2,24,3.3677
1,24,3.9610
0,24,2.8845
2,24,3.8876
1,24,3.3452
0,24,2.9110
2,24,4.0872
1,24,3.7509
0,24,2.9394
2,24,4.0641
1,24,3.5224
0,24,2.9120
2,24,3.9933
1,24,3.2981
0,24,2.9153
2,24,4.2684
1,24,3.8930
0,24,2.9074
2,24,4.1979
1,24,3.8912
0,24,2.8818
2,24,3.5718
1,24,3.2806
0,24,2.9024
2,24,3.7609
1,24,3.8440
0,24,2.9148
2,24,3.5468
1,24,3.4628
0,24,2.9188
2,24,3.1636
1,24,3.5547
0,24,3.1632
2,24,3.8818
1,24,3.4658
0,24,2.9262
2,24,3.4131
1,24,3.3220
0,24,3.1369
2,24,4.3749
1,24,3.4102
0,24,2.8950
2,24,4.3391
1,24,3.6911
0,24,2.9148
2,24,3.3625
1,24,4.0758
0,24,2.9303
2,24,3.7301
1,24,3.9866
0,24,2.8958
2,24,3.6747
1,24,3.8235
0,24,2.9200
2,24,4.1930
1,24,4.1160
0,24,2.9052
2,24,3.8168
1,24,4.1960
0,24,4.1848
2,24,3.5851
1,24,3.9606
0,24,2.9385
2,24,4.2637
1,24,3.0555
0,24,2.9272
2,24,4.1630
1,24,3.6432
0,24,2.8931
2,24,3.4133
2,25,3.4356
1,25,4.2330
0,25,2.9073
1,25,3.9242
2,25,3.8135
0,25,4.1306
1,25,3.2497
2,25,4.1226
0,25,2.9263
1,25,3.5605
2,25,3.9449
0,25,2.9036
1,25,3.3700
2,25,4.2420
0,25,2.9178
1,25,3.5650
2,25,4.2622
0,25,2.8874
1,25,4.2122
2,25,3.1259
0,25,2.9119
1,25,3.1327
2,25,3.7813
0,25,2.9151
1,25,4.2774
2,25,3.5433
0,25,2.9083
1,25,3.2351
2,25,3.9575
0,25,2.9112
1,25,3.9037
2,25,3.6502
0,25,2.9166
1,25,3.5909
2,25,3.4716
0,25,2.9235
1,25,4.1390
0,25,2.9113
2,25,4.2943
1,25,3.5998
0,25,2.9474
2,25,4.3886
1,25,3.7383
0,25,3.3762
2,25,4.1729
1,25,4.1796
0,25,2.9334
2,25,3.9435
1,25,3.8472
0,25,2.9226
2,25,3.9627
1,25,4.0991
0,25,2.9999
2,25,3.9452
1,25,3.1077
0,25,2.9035
2,25,3.8268
1,25,3.1888
0,25,2.9188
2,25,3.5736
1,25,4.1324
0,25,2.9352
2,25,3.1074
1,25,4.1010
0,25,2.8784
2,25,4.2663
1,25,3.9142
0,25,2.9284
2,25,4.0720
1,25,3.1592
0,25,2.9135
2,25,4.1851
1,25,4.1168
0,25,2.9073
2,25,4.2920
1,25,3.3354
0,25,2.9725
2,25,3.5743
1,25,3.7463
0,25,2.9003
2,25,4.2941
1,25,3.6362
0,25,2.8892
2,25,4.3062
1,25,3.6446
0,25,2.9561
2,25,4.0905
1,25,3.5800
0,25,3.2498
2,25,3.3632
1,25,3.4465
0,25,2.9252
2,25,4.2884
1,25,3.5031
0,25,2.9193
2,25,3.9973
1,25,3.4599
0,25,2.9008
2,25,4.1492
1,25,3.3428
0,25,2.9178
2,25,4.2115
1,25,3.6244
0,25,2.9205
2,25,3.4647
1,25,3.3982
0,25,2.9318
2,25,4.1204
1,25,3.5056
0,25,3.0562
2,25,3.5534
1,25,3.9289
0,25,2.9082
2,25,3.8841
1,25,4.0092
0,25,2.9316
2,25,3.5637
1,25,3.2566
0,25,2.9101
2,25,3.0940
1,25,3.4760
0,25,2.9313
2,25,3.2607
1,25,4.1707
0,25,2.9056
2,25,4.1108
1,25,3.4391
0,25,2.9170
2,25,3.9648
1,25,4.2371
0,25,2.9016
2,25,4.2078
1,25,3.3569
0,25,2.9089
2,25,3.5076
1,25,3.5985
0,25,2.9257
1,25,3.5265
2,25,3.2823
0,25,2.8969
2,25,4.0936
1,25,4.2161
0,25,2.9117
1,25,3.3729
2,25,3.7990
0,25,2.8971
1,25,4.1984
2,25,3.7375
0,25,3.0856
2,25,3.1943
2,26,3.5709
0,26,2.8994
1,26,3.8961
2,26,3.8816
0,26,2.8952
1,26,4.1659
2,26,4.0251
0,26,2.9228
1,26,3.2643
2,26,3.7891
0,26,2.9267
1,26,3.3994
1,26,3.1265
0,26,2.9051
2,26,4.2865
1,26,3.8599
0,26,2.9095
2,26,3.9069
1,26,4.1367
0,26,2.9107
2,26,4.2137
1,26,3.4984
0,26,2.9130
2,26,4.1149
1,26,3.2874
0,26,2.8794
2,26,4.1682
1,26,3.6077
0,26,2.9098
2,26,4.2557
1,26,3.7496
0,26,2.9208
2,26,4.3697
1,26,3.6948
0,26,2.9249
2,26,4.3927
1,26,3.8228
0,26,2.9203
2,26,3.7125
1,26,3.3881
0,26,2.9896
2,26,4.2488
1,26,4.1541
0,26,2.9091
2,26,3.2697
1,26,3.2348
0,26,2.9009
2,26,4.1069
1,26,3.8118
0,26,2.9326
2,26,3.2908
1,26,4.1185
0,26,2.8852
2,26,3.9796
1,26,3.6088
0,26,2.8745
2,26,4.2652
1,26,3.3297
0,26,2.9001
2,26,3.5154
1,26,3.4752
0,26,2.9121
2,26,3.5563
1,26,3.8311
0,26,2.9267
2,26,4.2955
1,26,3.3325
0,26,2.9065
2,26,3.3187
1,26,3.3178
0,26,2.9025
2,26,4.2726
1,26,3.3826
0,26,2.9051
2,26,3.2612
1,26,3.4577
0,26,2.9144
2,26,3.1359
1,26,3.6464
0,26,3.1733
2,26,4.1829
1,26,3.4139
0,26,4.1344
2,26,4.3410
1,26,3.5578
0,26,2.9239
2,26,3.2856
1,26,3.8401
0,26,2.9049
2,26,3.9843
1,26,3.4855
0,26,2.9003
2,26,3.5668
1,26,4.2051
0,26,2.9211
2,26,4.1757
1,26,4.1727
0,26,2.9055
2,26,4.2431
1,26,3.4822
0,26,2.9262
2,26,3.7930
1,26,3.3779
0,26,2.9225
2,26,4.1063
1,26,3.5044
0,26,2.9098
2,26,4.1972
1,26,4.1660
0,26,2.9277
2,26,3.8120
1,26,3.2832
0,26,2.9076
2,26,4.2559
1,26,3.7379
0,26,2.9052
2,26,3.2260
1,26,3.6706
0,26,2.9052
2,26,3.1913
1,26,3.2686
0,26,2.9183
2,26,4.1602
1,26,3.7370
0,26,2.9076
2,26,3.6720
1,26,3.3511
0,26,2.9180
2,26,4.3926
1,26,3.4097
0,26,2.9056
2,26,3.3345
1,26,4.1857
0,26,2.8910
2,26,3.1835
1,26,3.5946
0,26,2.9215
2,26,4.1608
1,26,3.2079
0,26,2.9022
2,26,3.6597
1,26,3.7637
0,26,2.9136
2,26,3.6531
1,26,3.1398
0,26,2.9091
2,26,3.9339
1,26,3.2852
0,26,2.8960
2,26,3.6707
2,27,4.1507
1,27,3.8836
0,27,2.9021
1,27,3.3421
0,27,2.9101
2,27,4.2346
1,27,3.1320
0,27,2.9039
2,27,4.2590
0,27,2.8965
1,27,3.3763
2,27,3.3945
0,27,2.9131
1,27,3.6262
2,27,4.1793
0,27,2.9222
1,27,3.5976
2,27,3.3451
0,27,2.9158
1,27,4.1157
2,27,3.6680
0,27,2.9019
2,27,3.6867
1,27,3.9414
0,27,2.9289
1,27,3.2003
2,27,4.0320
0,27,2.9348
1,27,3.9316
2,27,4.1838
0,27,2.9290
1,27,3.2128
2,27,3.8477
0,27,2.8944
1,27,4.0942
2,27,3.6130
0,27,2.9128
1,27,3.4897
2,27,4.1949
0,27,2.8950
1,27,4.2297
2,27,4.1476
0,27,2.9173
1,27,3.7566
2,27,3.5051
1,27,3.1289
0,27,2.9031
2,27,4.0193
1,27,3.6116
0,27,2.8939
2,27,4.2074
1,27,3.2825
0,27,2.9093
2,27,4.1754
1,27,3.9435
0,27,2.9313
2,27,4.1171
1,27,3.8646
0,27,2.9339
2,27,4.0825
1,27,4.1413
0,27,2.8908
2,27,3.4110
1,27,3.9359
0,27,2.9045
2,27,3.7788
1,27,3.2977
0,27,3.0109
2,27,3.2965
1,27,3.8655
0,27,2.9110
2,27,4.2201
1,27,3.2121
0,27,2.9168
2,27,3.4445
1,27,3.3576
0,27,2.9068
2,27,3.8335
1,27,4.1656
0,27,2.9087
2,27,3.4246
1,27,3.5572
0,27,2.9072
2,27,3.2566
1,27,3.6592
0,27,2.9218
2,27,3.4218
1,27,3.4003
0,27,2.8886
2,27,4.0124
1,27,3.3824
0,27,2.9123
2,27,3.2631
1,27,4.2092
0,27,2.8646
2,27,4.0272
1,27,3.9992
0,27,2.9247
2,27,4.0544
1,27,3.6553
0,27,2.9200
2,27,4.2667
1,27,3.6280
0,27,2.9397
2,27,4.1904
1,27,3.3362
2,27,3.1435
0,27,2.9191
1,27,3.6475
2,27,3.3034
0,27,2.9050
2,27,4.4209
0,27,2.9238
1,27,3.7632
2,27,4.3257
0,27,2.9059
1,27,4.1576
2,27,3.2472
0,27,2.9024
1,27,3.2291
2,27,3.2992
0,27,2.9201
1,27,3.2351
2,27,3.6470
1,27,4.2219
0,27,2.9076
2,27,4.1771
1,27,3.2045
0,27,2.9008
1,27,4.0792
2,27,3.5231
0,27,2.9126
1,27,3.2483
2,27,4.1027
0,27,2.8974
1,27,3.9120
2,27,3.6371
0,27,2.9245
1,27,3.1617
2,27,3.8455
0,27,2.9184
1,27,3.4087
2,27,4.1606
0,27,2.9026
1,27,3.5396
2,27,4.0230
0,27,2.9100
1,27,3.9960
2,27,3.3238
0,27,2.9033
0,28,2.8955
2,28,4.2265
1,28,4.1027
2,28,3.3596
0,28,2.9289
1,28,3.8149
2,28,4.0684
0,28,2.9237
1,28,4.1917
2,28,3.8778
0,28,2.9082
1,28,3.4428
2,28,3.1025
0,28,2.8937
1,28,4.1089
2,28,3.6351
0,28,2.9105
1,28,3.6550
2,28,4.1131
0,28,2.9097
1,28,4.1732
2,28,4.2226
0,28,2.8941
1,28,3.2458
2,28,3.5836
0,28,2.9259
1,28,3.6514
2,28,3.4472
0,28,2.9019
1,28,3.3605
2,28,4.3821
1,28,3.9024
0,28,2.8858
2,28,3.8197
0,28,2.9516
1,28,3.5408
2,28,4.2478
1,28,3.2344
0,28,2.8986
0,28,2.9036
2,28,4.2447
1,28,3.7062
2,28,3.4112
0,28,2.8883
1,28,3.2600
0,28,2.9832
1,28,3.5872
2,28,3.9976
2,28,3.3244
0,28,2.9082
1,28,3.7983
2,28,4.0877
0,28,2.9158
1,28,3.5582
2,28,3.3253
0,28,2.8972
1,28,4.1445
2,28,4.0967
0,28,2.9388
1,28,3.5174
2,28,3.2930
0,28,2.8907
1,28,3.8987
2,28,4.1678
0,28,2.9290
1,28,3.1301
2,28,4.1606
0,28,2.9081
1,28,3.8756
2,28,3.7737
0,28,2.9093
1,28,3.4346
2,28,4.3036
0,28,2.8949
1,28,4.1933
2,28,4.1209
0,28,2.8931
1,28,3.3618
2,28,4.2514
0,28,2.9068
1,28,3.8275
0,28,2.9244
2,28,4.2016
1,28,3.5784
0,28,2.9118
2,28,3.3670
1,28,3.5417
2,28,3.6389
0,28,2.8755
1,28,3.1326
2,28,3.8730
0,28,2.9157
1,28,3.7709
2,28,4.2260
0,28,2.8955
1,28,3.5751
0,28,2.8961
2,28,3.5532
1,28,4.0317
0,28,2.8965
2,28,4.1839
1,28,4.0996
0,28,2.9101
2,28,4.2344
1,28,3.8409
0,28,2.9070
1,28,3.5705
2,28,3.9471
0,28,2.9330
1,28,4.1372
2,28,4.1624
0,28,2.8963
1,28,3.0780
2,28,4.1509
0,28,3.0606
1,28,3.9329
2,28,3.4668
0,28,2.8951
1,28,3.2532
2,28,3.2162
0,28,2.9141
1,28,3.2472
2,28,3.8303
0,28,2.9308
1,28,4.0461
2,28,4.1991
0,28,2.9219
1,28,3.6458
2,28,3.5396
1,28,3.6292
0,28,2.9165
2,28,4.2473
1,28,3.1822
0,28,2.8915
2,28,4.1662
1,28,3.5202
0,28,2.9074
2,28,4.2467
1,28,3.3560
0,28,2.9069
2,28,4.2242
1,28,4.1032
0,28,2.9387
2,28,4.2062
1,28,3.3096
0,28,2.8998
2,28,4.2442
1,28,4.1234
0,28,2.8700
2,28,4.1423
2,29,3.7333
0,29,2.9217
1,29,3.5360
1,29,3.6400
2,29,4.3056
0,29,3.1091
1,29,3.6815
0,29,2.9257
2,29,4.0709
1,29,3.5628
2,29,3.2067
0,29,2.9302
1,29,3.1864
2,29,4.2042
0,29,2.9061
1,29,3.4971
2,29,3.9938
0,29,2.9009
1,29,3.9092
2,29,3.4913
0,29,2.9060
1,29,4.2599
2,29,3.8184
0,29,2.8979
1,29,3.3571
2,29,4.1512
0,29,2.9241
1,29,3.9801
2,29,3.8187
0,29,2.9158
1,29,3.7273
2,29,4.2181
0,29,2.8945
1,29,3.1407
2,29,3.7143
0,29,2.8924
1,29,4.0336
2,29,3.1111
0,29,2.9230
1,29,3.4866
2,29,4.1930
0,29,2.9034
1,29,3.3005
0,29,3.0217
2,29,4.1896
1,29,3.0381
0,29,2.8983
2,29,4.1506
1,29,3.5980
0,29,2.9075
2,29,4.0350
1,29,3.3719
0,29,2.9200
2,29,3.1572
1,29,3.1195
0,29,2.8892
2,29,4.2943
1,29,3.5564
0,29,2.9048
2,29,3.4759
1,29,3.6520
0,29,2.8880
2,29,4.1150
1,29,3.6084
0,29,2.9141
2,29,3.9269
1,29,3.5267
0,29,2.9124
2,29,4.1859
1,29,3.0353
0,29,2.9226
2,29,3.7107
1,29,4.2529
0,29,2.8966
2,29,4.2694
1,29,3.6971
0,29,2.8935
2,29,4.1324
1,29,3.7872
0,29,2.8946
2,29,4.2078
1,29,4.0786
0,29,2.9203
2,29,4.2018
1,29,3.4719
0,29,2.9023
2,29,3.1738
1,29,3.5367
0,29,2.9002
2,29,3.4016
1,29,3.7728
0,29,2.9098
2,29,3.3980
1,29,3.7893
0,29,2.8990
2,29,4.3412
1,29,3.9354
0,29,2.9064
2,29,3.4973
1,29,3.5355
0,29,3.1569
2,29,3.8472
1,29,3.4956
0,29,2.8967
2,29,4.0283
1,29,3.6923
0,29,2.9257
2,29,3.5156
1,29,3.7245
0,29,2.9322
2,29,4.2396
0,29,2.8989
1,29,3.9142
2,29,3.9255
0,29,3.1711
1,29,4.1318
2,29,3.4406
0,29,2.9082
1,29,4.2328
2,29,3.6683
0,29,2.8948
1,29,4.1369
2,29,3.2962
0,29,2.9097
1,29,4.0916
2,29,4.1773
0,29,2.9197
1,29,3.1695
2,29,3.6937
0,29,2.9282
1,29,3.5675
2,29,4.1899
0,29,2.9245
1,29,3.4861
2,29,3.2613
1,29,3.3312
0,29,2.8962
2,29,3.4373
1,29,3.8247
0,29,2.9177
2,29,4.2392
1,29,3.2312
0,29,2.9150
2,29,4.3009
1,29,3.3030
0,29,2.9173
2,29,4.2318
1,29,3.0705
0,29,2.9090
2,29,3.0892
2,30,3.5187
1,30,3.3269
0,30,2.9119
1,30,4.2025
0,30,2.9016
2,30,3.7129
1,30,3.1097
0,30,2.9135
2,30,4.1226
1,30,3.7506
0,30,2.9033
2,30,4.1619
1,30,3.6717
0,30,2.9315
2,30,4.2633
1,30,3.3276
0,30,2.9010
2,30,4.0820
1,30,3.4237
0,30,2.9201
2,30,4.0987
1,30,4.2355
0,30,2.8944
2,30,4.2085
1,30,3.1038
0,30,2.9147
2,30,4.1761
1,30,4.2573
0,30,3.0060
2,30,4.2839
1,30,3.1593
0,30,2.9012
2,30,4.2395
1,30,4.1235
0,30,2.9301
2,30,4.1351
1,30,3.4253
0,30,2.8975
2,30,3.9934
1,30,3.7895
0,30,2.9469
2,30,4.1190
1,30,3.4430
0,30,2.9097
2,30,4.2039
1,30,3.3062
0,30,2.9757
2,30,4.1938
1,30,3.8370
0,30,2.9297
2,30,3.2120
1,30,4.1777
0,30,2.9295
2,30,3.7003
1,30,3.1464
0,30,2.9093
2,30,3.3938
1,30,3.2466
0,30,3.0826
2,30,3.2389
1,30,3.6936
0,30,2.9015
2,30,4.2211
1,30,3.6810
0,30,2.8949
2,30,4.0148
1,30,3.6690
0,30,2.9106
2,30,3.9339
1,30,3.9592
0,30,2.9114
2,30,3.9454
1,30,3.2887
0,30,2.9090
2,30,4.2025
1,30,4.1936
0,30,2.9243
2,30,4.0759
1,30,3.6214
0,30,2.8993
2,30,3.5649
1,30,3.7596
0,30,2.8953
2,30,3.5128
1,30,3.6123
0,30,2.9116
2,30,4.2618
1,30,3.4351
0,30,4.1424
2,30,3.1940
1,30,3.3726
0,30,2.8963
2,30,4.2723
1,30,3.4976
0,30,2.9059
2,30,4.2348
1,30,4.2304
0,30,2.9092
2,30,3.6283
1,30,4.1918
0,30,2.8991
2,30,4.1366
1,30,3.9572
0,30,2.9097
2,30,3.5625
1,30,3.3437
0,30,2.9055
2,30,3.1212
1,30,4.1960
0,30,2.9110
2,30,3.2673
1,30,3.3387
0,30,2.9416
2,30,3.1100
1,30,3.6416
0,30,2.9037
2,30,4.1576
1,30,3.4280
0,30,2.9224
2,30,3.5301
1,30,4.2511
0,30,2.9210
2,30,4.0890
1,30,3.4725
0,30,2.9115
2,30,4.1013
1,30,3.4819
0,30,2.8917
2,30,4.1417
1,30,3.3805
0,30,3.1362
2,30,3.4421
1,30,4.2514
0,30,2.9087
2,30,4.2109
1,30,3.2283
0,30,3.3548
2,30,4.1591
1,30,4.3193
0,30,2.9079
2,30,3.3538
1,30,3.1842
0,30,2.8972
2,30,4.2073
1,30,3.8737
0,30,2.9246
2,30,3.8091
1,30,3.6643
0,30,2.9470
2,30,4.2032
1,31,3.6912
0,31,2.8895
2,31,4.1420
1,31,3.3236
0,31,2.9152
2,31,3.3515
1,31,3.9260
2,31,3.4548
0,31,2.9210
1,31,4.0883
0,31,2.9104
2,31,4.3935
1,31,3.4975
0,31,2.9013
2,31,3.6595
0,31,2.9059
1,31,3.3755
2,31,3.1795
1,31,3.7114
0,31,2.9106
2,31,4.1306
0,31,2.9310
1,31,3.8716
2,31,4.1725
0,31,2.8964
1,31,3.6218
2,31,4.1577
0,31,2.9256
1,31,3.6264
2,31,4.1728
0,31,2.9057
2,31,4.2051
1,31,3.3319
0,31,2.9056
1,31,4.0046
2,31,4.0172
0,31,2.9174
1,31,4.1084
2,31,3.3951
0,31,3.3614
1,31,3.7381
2,31,4.1113
0,31,2.8923
2,31,4.2051
1,31,4.1960
0,31,2.9096
2,31,3.9179
1,31,3.6591
0,31,2.9029
2,31,3.1139
1,31,4.1817
0,31,2.9014
2,31,4.1886
1,31,3.5760
0,31,2.9147
2,31,4.2259
1,31,3.2766
0,31,2.8994
2,31,4.2674
1,31,3.3417
0,31,3.0761
1,31,3.5150
2,31,4.3054
0,31,2.9163
1,31,4.1388
2,31,4.1113
0,31,2.8998
1,31,3.1367
2,31,4.1904
0,31,2.9003
1,31,3.3568
2,31,3.6484
0,31,2.8992
1,31,3.8369
2,31,4.1144
0,31,2.9158
1,31,3.6726
2,31,4.2277
0,31,2.9019
1,31,3.2701
2,31,4.1289
0,31,2.9117
1,31,3.6081
2,31,4.1456
0,31,3.1569
1,31,3.5198
2,31,4.2360
0,31,2.9067
1,31,3.5481
2,31,4.0068
0,31,2.8902
1,31,4.1679
2,31,4.1797
0,31,2.9130
1,31,4.1864
2,31,4.3277
0,31,2.9192
1,31,3.4640
2,31,4.1559
0,31,4.1362
1,31,3.4490
2,31,3.4748
0,31,2.9173
1,31,3.4469
2,31,4.2380
0,31,2.8981
1,31,3.9940
2,31,4.1594
0,31,2.9048
1,31,4.1884
2,31,4.0811
0,31,2.9183
1,31,3.7498
2,31,4.2969
0,31,2.8765
1,31,3.1641
2,31,4.1732
0,31,2.9190
1,31,3.5880
2,31,3.4139
0,31,3.1314
1,31,3.8348
2,31,3.1425
0,31,2.9008
1,31,3.4939
2,31,4.1753
0,31,2.9131
1,31,3.1885
2,31,3.9511
0,31,2.9063
1,31,3.6827
2,31,3.9834
0,31,3.0594
1,31,4.1713
2,31,3.9879
0,31,2.9153
1,31,3.5938
2,31,4.3043
0,31,2.9177
1,31,3.6338
2,31,3.8047
0,31,2.9078
1,31,3.6299
2,31,4.1665
0,31,2.9212
1,31,3.3680
2,31,4.2058
0,31,2.9115
1,31,4.2423
2,31,3.6528
1,32,3.9466
0,32,2.9180
2,32,4.2639
1,32,3.6489
0,32,2.8973
2,32,4.0924
1,32,3.2553
0,32,2.9057
2,32,4.1805
0,32,2.9098
1,32,3.9210
2,32,4.1970
1,32,3.1115
0,32,2.9024
2,32,4.0999
1,32,3.3111
0,32,2.9114
2,32,4.1942
1,32,3.6577
0,32,2.9182
2,32,3.2259
1,32,4.2142
0,32,2.9098
2,32,3.7011
1,32,3.5642
0,32,2.9191
2,32,4.1702
1,32,3.5187
0,32,2.9125
2,32,2.9585
0,32,2.9477
1,32,3.2149
2,32,2.9637
1,32,3.3980
2,32,3.5340
0,32,2.9067
1,32,4.0992
2,32,3.9113
0,32,2.9079
1,32,3.7573
2,32,4.1366
0,32,2.9129
2,32,3.1810
1,32,3.2839
0,32,2.8962
1,32,3.6026
2,32,4.2369
0,32,2.8940
1,32,3.9159
2,32,3.9936
0,32,2.8974
1,32,3.4595
2,32,3.3810
0,32,2.8986
1,32,3.8326
0,32,2.9016
2,32,4.2136
1,32,3.1353
2,32,3.2806
0,32,2.9063
1,32,3.2862
2,32,3.1570
0,32,2.9019
1,32,3.3112
0,32,2.8945
2,32,4.0080
1,32,3.4648
0,32,2.8997
2,32,4.1908
1,32,3.6915
0,32,2.9067
2,32,4.1921
1,32,4.1880
2,32,3.1749
0,32,2.8945
1,32,3.5906
0,32,2.9073
2,32,4.1841
1,32,3.5862
0,32,2.9233
2,32,4.1308
1,32,4.0866
0,32,2.9077
2,32,3.8192
1,32,3.5859
0,32,2.9159
2,32,4.3611
1,32,3.9149
0,32,2.9086
2,32,4.1903
1,32,3.3433
0,32,2.9142
2,32,4.2963
1,32,3.8795
0,32,2.8758
2,32,3.4282
1,32,4.1370
0,32,3.0691
2,32,3.2605
1,32,3.4912
0,32,2.8987
2,32,4.2637
1,32,3.5060
0,32,2.9022
2,32,4.4217
1,32,3.2571
0,32,2.9034
2,32,4.2639
1,32,4.1009
0,32,2.9103
2,32,3.2169
1,32,3.6144
0,32,2.8996
2,32,3.1985
1,32,4.0027
0,32,2.9201
2,32,4.2147
1,32,3.6933
0,32,2.9150
2,32,3.3736
2,32,3.1350
0,32,2.9076
1,32,4.1756
1,32,4.1902
0,32,2.9046
2,32,4.2333
1,32,3.9103
0,32,2.8928
2,32,4.2269
1,32,3.4972
0,32,2.9111
2,32,4.2256
1,32,3.5410
0,32,3.1088
2,32,4.2005
1,32,3.1874
0,32,2.9078
2,32,4.2284
1,32,4.1135
0,32,2.8984
2,32,4.1664
1,32,3.5608
0,32,2.9145
2,32,3.5378
1,32,3.6618
0,32,2.9072
2,32,3.4520
1,32,3.7254
0,32,2.9083
2,32,4.2117
0,33,2.8941
1,33,3.6011
2,33,3.6903
1,33,3.6040
0,33,2.9065
2,33,4.2449
1,33,4.2978
0,33,2.9054
2,33,4.0504
1,33,3.3872
0,33,2.8998
2,33,4.2493
1,33,3.8530
0,33,2.9026
2,33,4.1617
1,33,4.2109
0,33,2.9040
2,33,4.1064
1,33,4.1779
0,33,3.2763
2,33,4.1554
1,33,3.0332
0,33,2.9017
2,33,4.1680
1,33,4.0854
0,33,2.9026
2,33,4.1383
1,33,4.2772
2,33,2.9603
0,33,2.9152
0,33,2.8925
1,33,3.4561
2,33,4.1824
1,33,3.2483
0,33,2.9063
2,33,4.1784
0,33,2.9129
1,33,3.4378
2,33,4.1972
0,33,2.8953
1,33,3.6095
2,33,3.5718
0,33,2.9115
1,33,4.1356
2,33,4.1076
0,33,2.9023
1,33,3.6289
2,33,4.0999
0,33,2.9040
2,33,3.4373
1,33,4.2738
0,33,2.9181
2,33,4.2159
1,33,3.5702
0,33,2.9208
2,33,4.1694
1,33,3.2393
0,33,2.9006
2,33,3.7293
1,33,3.4000
0,33,3.0361
2,33,4.2099
1,33,3.7617
0,33,2.9037
2,33,4.0032
1,33,4.0963
0,33,2.9240
1,33,3.4483
2,33,4.2033
0,33,2.9053
1,33,3.1738
2,33,3.6419
0,33,2.8967
1,33,3.0804
2,33,4.1453
0,33,2.9049
1,33,4.2362
2,33,4.1438
0,33,2.9162
1,33,3.5547
2,33,4.2966
0,33,2.8859
2,33,4.2154
1,33,4.2302
0,33,3.1542
1,33,3.8440
2,33,3.4259
0,33,2.9151
1,33,4.1569
2,33,4.1374
0,33,3.2449
1,33,3.7796
2,33,4.2510
0,33,2.8937
1,33,4.1753
2,33,4.2043
0,33,2.8940
1,33,3.4014
2,33,4.1838
0,33,2.9193
1,33,4.1416
2,33,4.2733
0,33,3.1777
1,33,2.9949
2,33,3.3261
0,33,2.9210
1,33,3.6585
2,33,4.2821
0,33,2.8902
1,33,3.6196
2,33,4.0920
0,33,2.9058
1,33,4.0288
2,33,4.0600
0,33,2.9086
1,33,3.8866
2,33,4.1911
0,33,2.9057
1,33,3.7665
2,33,4.2134
0,33,2.9077
1,33,3.4399
2,33,4.1494
0,33,2.8905
1,33,3.5571
2,33,4.2488
0,33,3.0468
1,33,4.1399
2,33,3.5980
0,33,2.9257
1,33,3.7811
2,33,3.4817
0,33,2.9010
1,33,3.8245
2,33,3.9895
0,33,2.9127
1,33,4.2276
2,33,4.2082
0,33,2.8894
1,33,3.5411
2,33,4.1863
0,33,2.9024
1,33,3.1796
2,33,3.9366
0,33,2.8948
1,33,3.6765
2,33,3.3525
0,33,2.8878
1,33,3.7248
2,33,4.1750
1,34,4.2396
0,34,2.9060
2,34,4.1892
1,34,4.1579
0,34,2.9027
2,34,4.1453
2,34,4.1210
0,34,4.0828
1,34,3.3171
2,34,3.7491
1,34,3.2381
0,34,2.9319
2,34,3.3640
0,34,2.8900
1,34,3.6291
2,34,4.1482
0,34,2.9025
1,34,4.2838
2,34,4.3016
0,34,2.8942
1,34,3.6218
0,34,2.9105
2,34,4.3055
1,34,3.4584
0,34,2.9285
2,34,4.1866
1,34,4.1722
0,34,3.0408
1,34,3.6139
2,34,3.4867
0,34,2.9300
1,34,3.4257
2,34,4.1327
0,34,2.9141
1,34,3.6502
2,34,3.3130
0,34,2.9291
2,34,3.1471
1,34,3.4580
0,34,2.9133
2,34,4.2108
1,34,3.7089
0,34,3.2867
2,34,4.2551
1,34,3.5593
0,34,2.9228
1,34,3.3116
2,34,4.1708
0,34,2.8834
1,34,3.0869
2,34,4.1338
0,34,2.9010
1,34,3.1892
2,34,4.1385
0,34,2.9186
1,34,3.5134
2,34,4.1010
0,34,2.9051
1,34,3.1088
2,34,4.2363
1,34,3.1180
0,34,2.9101
2,34,4.2464
1,34,3.9794
0,34,2.8759
2,34,3.8593
1,34,3.2161
0,34,2.8919
2,34,4.2490
1,34,3.6729
0,34,2.9327
2,34,4.1981
1,34,4.1307
0,34,3.1891
2,34,4.2153
1,34,4.1673
0,34,2.8976
2,34,4.2476
1,34,4.1458
0,34,2.9095
2,34,4.2730
1,34,3.8216
0,34,2.8997
2,34,4.1870
1,34,3.5203
0,34,2.9097
2,34,4.1486
1,34,4.1483
0,34,2.8906
2,34,3.2974
1,34,3.3721
0,34,2.9254
2,34,4.3980
1,34,4.2312
0,34,3.1505
2,34,4.1740
1,34,4.1670
0,34,2.9090
2,34,4.2333
1,34,3.3411
0,34,3.2808
2,34,3.7796
1,34,3.8479
0,34,2.9150
2,34,4.2265
1,34,3.9165
0,34,2.9429
2,34,4.2924
1,34,3.9935
0,34,2.9125
2,34,3.4436
1,34,3.3888
0,34,2.9055
2,34,4.1659
1,34,4.1087
0,34,2.8836
2,34,3.7302
1,34,3.7585
0,34,2.8804
2,34,4.1070
1,34,3.9301
0,34,2.9046
2,34,4.1783
1,34,4.2037
0,34,2.9032
2,34,4.2183
1,34,3.5764
0,34,2.8968
2,34,3.5640
1,34,3.9715
0,34,2.9216
2,34,4.1535
1,34,3.2310
0,34,2.9061
2,34,4.2232
1,34,3.3802
0,34,2.9007
2,34,4.1743
1,34,3.8658
0,34,3.0370
2,34,4.2336
1,34,3.7883
0,34,2.9053
2,34,4.1435
1,34,3.4805
0,34,2.9958
2,34,4.2786
1,34,4.3702
0,34,2.8960
2,34,3.9577
0,35,2.8984
1,35,3.8043
2,35,4.1054
1,35,3.4221
0,35,2.9128
2,35,4.2833
1,35,3.4025
0,35,2.9078
2,35,4.1296
1,35,3.2915
2,35,3.3656
0,35,3.2214
1,35,3.3826
2,35,3.4542
0,35,2.8897
2,35,3.5425
0,35,2.9042
1,35,3.9399
2,35,3.9926
0,35,2.8917
1,35,3.3071
2,35,4.1674
0,35,2.8987
1,35,4.1881
0,35,2.8975
2,35,4.1834
1,35,4.1151
0,35,3.0321
1,35,3.5833
2,35,4.0154
0,35,2.8957
1,35,4.1439
2,35,4.1900
0,35,2.9151
1,35,3.8299
2,35,4.1393
0,35,2.9308
2,35,3.2663
1,35,4.2245
0,35,2.9078
1,35,4.2046
2,35,3.5361
0,35,2.9239
1,35,3.7233
2,35,4.1282
0,35,2.9304
1,35,3.6243
2,35,4.0671
0,35,2.9038
1,35,3.7223
2,35,4.1527
0,35,2.9017
1,35,3.0532
2,35,3.5636
0,35,2.9057
1,35,3.9577
2,35,3.7110
0,35,2.9094
1,35,3.4342
2,35,4.3043
1,35,3.3371
0,35,2.9142
2,35,4.2039
0,35,2.9154
1,35,3.7614
2,35,3.1055
0,35,2.9137
1,35,4.1721
2,35,4.2844
0,35,2.8905
1,35,3.9145
2,35,3.4676
1,35,3.4058
0,35,2.8831
2,35,4.2484
0,35,2.8953
1,35,3.8330
2,35,4.1561
0,35,2.9236
1,35,4.1522
2,35,4.1200
0,35,2.9145
1,35,4.0368
2,35,4.1712
1,35,3.7368
0,35,3.0441
2,35,3.5450
1,35,4.2407
0,35,2.9030
2,35,4.2043
1,35,3.5806
0,35,2.9256
2,35,4.4105
1,35,4.1280
0,35,2.9064
2,35,4.1203
1,35,3.7175
0,35,2.9018
2,35,4.1295
1,35,3.4337
0,35,2.9072
2,35,3.2253
1,35,3.5011
0,35,2.8860
2,35,4.1977
1,35,4.0259
0,35,2.9020
2,35,4.1294
1,35,3.5735
0,35,2.9203
2,35,3.2542
1,35,3.2802
0,35,2.8939
2,35,4.1755
1,35,4.1060
0,35,2.9076
2,35,3.7806
1,35,3.8670
0,35,2.9165
2,35,4.1691
1,35,3.4182
0,35,2.8848
2,35,3.1108
1,35,3.6724
0,35,2.9035
2,35,4.1991
1,35,3.1102
0,35,2.8885
2,35,4.2765
1,35,3.3081
0,35,2.9027
2,35,4.1990
1,35,3.9812
0,35,2.8983
2,35,4.1575
1,35,3.2969
0,35,2.9152
2,35,3.0863
1,35,4.1321
0,35,2.9036
2,35,3.3579
1,35,4.1316
0,35,2.9058
2,35,3.2591
1,35,3.5724
0,35,4.1231
2,35,3.4543
1,35,4.3036
0,35,2.8952
2,35,4.1863
0,36,3.0292
1,36,3.5953
2,36,4.2263
0,36,2.9024
1,36,4.1476
2,36,4.2088
0,36,2.9007
1,36,4.1764
2,36,4.2565
0,36,2.8875
1,36,4.2030
2,36,4.3115
0,36,3.1206
1,36,3.8497
2,36,3.4764
0,36,2.8862
1,36,3.1808
2,36,2.9920
1,36,3.4424
0,36,2.9069
2,36,4.0677
1,36,3.5130
0,36,2.9233
2,36,3.6209
1,36,3.2095
0,36,2.9026
2,36,3.2429
1,36,3.1481
0,36,2.8948
2,36,3.3869
1,36,3.4227
0,36,3.0313
2,36,4.1637
1,36,3.7191
0,36,2.9100
2,36,3.4596
1,36,4.1605
0,36,2.9323
2,36,3.2218
1,36,3.5453
0,36,2.9146
2,36,4.1798
1,36,4.0709
0,36,2.9122
2,36,4.2369
1,36,3.6805
0,36,2.9008
2,36,4.2438
1,36,3.5240
0,36,2.8997
2,36,4.1630
1,36,3.4809
0,36,2.9136
2,36,4.1650
1,36,3.1741
0,36,3.1117
2,36,4.1536
1,36,4.1338
0,36,2.9043
2,36,3.6363
1,36,4.2338
0,36,2.9105
2,36,4.2729
1,36,4.2015
0,36,2.9033
2,36,4.1304
1,36,3.7931
0,36,2.9106
2,36,4.2175
1,36,3.3528
0,36,2.9172
2,36,3.3009
1,36,4.2809
0,36,2.9096
2,36,4.1715
1,36,3.1931
0,36,2.9149
2,36,4.1474
1,36,3.8338
0,36,2.8907
2,36,4.0945
1,36,4.2266
0,36,2.9151
2,36,4.2066
1,36,3.4212
0,36,2.9020
2,36,4.1864
1,36,4.2005
0,36,2.8858
2,36,4.2192
1,36,3.5824
0,36,2.9143
2,36,4.1149
1,36,3.7857
0,36,2.9074
2,36,4.1283
1,36,4.2492
0,36,2.9228
2,36,4.2151
1,36,3.8158
0,36,2.8760
2,36,4.1848
1,36,3.6539
0,36,2.9048
2,36,4.1596
1,36,4.2087
0,36,2.9142
2,36,4.3027
1,36,3.8063
0,36,2.8984
2,36,4.1613
1,36,3.4806
0,36,2.8876
2,36,4.2654
1,36,4.0991
0,36,2.9100
2,36,4.1984
1,36,3.5851
0,36,2.9200
2,36,4.1456
1,36,3.6418
0,36,2.9198
2,36,3.4057
1,36,3.7360
0,36,2.9005
2,36,4.1637
1,36,4.1133
0,36,2.9127
2,36,3.9559
1,36,3.7070
0,36,2.9091
2,36,3.4731
1,36,3.4936
0,36,2.9359
2,36,4.1553
1,36,3.2710
0,36,2.9049
2,36,3.0613
1,36,3.9036
0,36,4.1469
2,36,4.2591
1,36,3.1352
0,36,2.8889
2,36,4.1088
1,36,3.8466
0,36,2.9174
2,36,3.4235
1,36,4.0010
0,36,2.9042
2,36,3.6086
2,37,3.1633
0,37,2.9044
1,37,3.6094
2,37,3.4351
0,37,2.9153
1,37,3.4453
2,37,4.2668
0,37,2.8962
1,37,3.3128
2,37,3.0687
1,37,3.3155
0,37,2.9000
2,37,4.1714
1,37,3.5472
0,37,2.8981
2,37,4.1037
1,37,3.4726
0,37,2.9103
1,37,3.2988
2,37,3.7492
0,37,2.9306
1,37,4.2238
2,37,4.1692
0,37,2.9045
1,37,3.6854
2,37,4.0832
0,37,2.9093
1,37,3.5712
2,37,4.1584
0,37,2.9160
1,37,3.4217
2,37,3.0128
0,37,2.9136
1,37,3.4476
2,37,4.2023
0,37,2.9209
1,37,3.3594
2,37,4.1807
0,37,3.3844
1,37,3.3249
2,37,4.1712
0,37,2.9094
1,37,3.3879
2,37,4.2508
0,37,2.8997
1,37,3.7189
2,37,4.2410
0,37,2.9079
1,37,3.3645
2,37,4.0730
0,37,2.8971
1,37,4.1303
0,37,2.9000
2,37,4.1685
1,37,3.1975
0,37,2.9018
2,37,3.0582
1,37,3.2564
0,37,2.9386
2,37,4.1503
1,37,3.6278
0,37,2.8855
2,37,4.2903
1,37,3.6779
0,37,2.9303
2,37,3.4237
1,37,3.1882
0,37,2.9267
2,37,4.2327
1,37,4.1979
0,37,2.9114
2,37,4.0992
1,37,3.7803
0,37,2.9045
2,37,3.5277
1,37,3.3797
0,37,2.9124
2,37,4.2545
1,37,3.6135
0,37,2.9036
2,37,4.2349
1,37,4.2082
0,37,2.9028
2,37,3.6311
1,37,3.4376
0,37,2.8942
2,37,4.2126
1,37,3.6032
0,37,2.9017
2,37,4.2549
1,37,3.7981
0,37,2.9002
2,37,4.2727
1,37,3.4384
0,37,2.9090
2,37,3.0075
1,37,3.4099
0,37,2.9056
2,37,3.3033
1,37,3.8312
0,37,4.1158
2,37,4.3033
1,37,3.2335
0,37,2.9340
2,37,4.2731
1,37,4.1026
0,37,3.0758
2,37,4.1306
1,37,3.9857
0,37,2.9100
2,37,4.2901
1,37,3.3294
0,37,2.8848
2,37,4.0996
1,37,3.9718
0,37,2.9079
2,37,3.3256
1,37,3.3654
0,37,2.9063
2,37,3.9246
1,37,4.0945
0,37,2.8891
2,37,3.7651
1,37,3.9335
0,37,2.9065
2,37,4.1581
1,37,3.9121
0,37,2.8965
2,37,4.4076
1,37,3.4147
0,37,2.9122
2,37,3.5634
1,37,4.0125
0,37,2.9201
2,37,4.2082
1,37,3.8672
0,37,3.0981
2,37,4.1966
1,37,4.1719
0,37,2.9326
2,37,4.1607
1,37,3.2992
0,37,2.9174
2,37,3.3958
1,37,3.3904
0,37,2.9007
2,37,4.1211
1,37,3.8164
0,37,4.1585
2,37,3.7404
2,38,3.1682
1,38,3.3935
0,38,2.9155
2,38,4.0020
0,38,2.8991
1,38,3.4774
0,38,2.9509
2,38,4.2629
1,38,4.1411
0,38,2.9048
1,38,3.2202
2,38,4.2082
0,38,2.9183
1,38,4.1804
2,38,3.5337
0,38,2.9099
1,38,4.0862
2,38,4.2361
0,38,2.9137
2,38,3.1368
1,38,4.1975
0,38,2.9157
2,38,4.1720
1,38,4.2250
0,38,2.9022
2,38,4.1215
1,38,3.5952
0,38,3.1933
2,38,4.1888
1,38,3.6676
0,38,2.9157
2,38,4.1862
1,38,4.2313
0,38,2.9155
2,38,3.1834
1,38,3.5961
2,38,3.4486
0,38,2.9219
1,38,3.3644
0,38,2.9204
2,38,4.1323
1,38,3.9039
0,38,2.9221
2,38,4.1957
1,38,3.3725
0,38,2.9135
2,38,3.3217
1,38,3.5221
0,38,2.9092
2,38,4.3060
1,38,3.6248
0,38,3.1892
1,38,3.5281
2,38,3.7282
0,38,2.9026
2,38,4.1619
1,38,3.6139
0,38,2.8916
2,38,4.2327
1,38,4.2226
0,38,2.9027
1,38,3.6395
2,38,3.9296
0,38,2.9280
1,38,3.7507
2,38,4.0057
0,38,2.9128
1,38,3.3542
2,38,3.4212
0,38,3.4046
1,38,4.1394
2,38,3.1639
0,38,2.9700
1,38,3.3529
2,38,4.1874
0,38,2.9025
1,38,3.5155
2,38,3.6759
0,38,2.8902
1,38,4.1559
2,38,4.1726
0,38,2.9056
1,38,3.4774
2,38,4.1582
0,38,2.8948
1,38,3.3814
2,38,4.1465
0,38,2.9139
1,38,3.5328
2,38,4.1142
0,38,2.8834
1,38,3.5525
2,38,4.1811
0,38,2.9221
1,38,3.5506
2,38,4.1175
0,38,2.9111
1,38,3.3525
2,38,4.1789
0,38,2.9099
1,38,3.1113
2,38,4.1504
0,38,2.8958
1,38,4.1110
2,38,4.1034
0,38,2.9038
1,38,3.0853
2,38,3.2593
0,38,2.9062
1,38,4.1553
2,38,4.1902
1,38,4.0346
0,38,2.9234
2,38,4.2425
1,38,3.5596
0,38,2.9113
2,38,3.0766
1,38,3.2364
0,38,3.1516
2,38,4.1137
1,38,4.0043
0,38,2.9092
2,38,3.1656
1,38,4.2170
0,38,2.9125
2,38,4.2562
1,38,3.5255
0,38,2.9020
2,38,4.1406
0,38,2.9112
1,38,4.2083
2,38,4.1135
0,38,2.9197
1,38,3.5656
2,38,4.1866
0,38,2.9323
1,38,3.6023
2,38,4.1274
0,38,3.0635
1,38,4.0344
2,38,4.1364
0,38,2.9150
1,38,4.1118
2,38,4.1174
0,38,2.9010
1,38,4.2055
2,38,4.1098
0,38,2.8917
1,38,3.4704
2,38,4.0588
2,39,3.1460
0,39,2.8904
1,39,3.7252
1,39,3.1891
2,39,4.2570
0,39,2.8972
1,39,4.1509
2,39,4.2035
0,39,2.9067
0,39,2.9267
1,39,4.1187
2,39,3.5230
2,39,2.9898
0,39,2.9065
1,39,4.1450
0,39,2.9049
2,39,3.6078
1,39,4.3443
0,39,2.9277
1,39,4.1068
2,39,4.2670
0,39,2.9239
1,39,3.4398
2,39,4.1191
0,39,2.9132
2,39,4.2516
1,39,3.6521
2,39,3.1001
0,39,2.8892
1,39,3.9534
2,39,4.4179
0,39,2.9091
1,39,3.6658
2,39,4.1016
0,39,2.9110
1,39,3.2037
0,39,2.8928
2,39,3.6998
1,39,4.2077
0,39,2.8950
2,39,4.2483
1,39,3.5635
0,39,2.8948
2,39,3.6788
1,39,3.5544
0,39,2.9076
2,39,3.2990
1,39,3.8202
0,39,2.9073
2,39,4.1987
1,39,3.7099
2,39,3.2671
0,39,2.8842
1,39,4.2619
0,39,2.9079
2,39,4.2758
1,39,3.5834
0,39,2.9106
2,39,4.1595
1,39,4.2164
0,39,2.8924
2,39,4.1381
1,39,3.4628
0,39,2.9092
2,39,4.1788
1,39,4.1581
0,39,2.8970
2,39,4.2544
1,39,3.7633
0,39,2.9052
2,39,4.1740
1,39,3.2673
0,39,2.9284
2,39,4.1520
1,39,3.0253
0,39,2.9222
2,39,4.1303
1,39,3.3045
0,39,2.9006
2,39,4.1433
1,39,3.2741
0,39,2.9588
2,39,4.2260
1,39,3.2002
0,39,2.8847
2,39,4.1888
1,39,3.6745
0,39,2.9068
2,39,4.2182
1,39,4.2394
0,39,2.9270
1,39,3.2427
2,39,4.2275
0,39,2.9183
1,39,3.7445
2,39,3.4449
0,39,2.8683
1,39,3.2973
2,39,2.9444
0,39,2.9331
1,39,4.2048
2,39,3.1044
0,39,2.9265
1,39,3.4732
2,39,4.1738
0,39,2.8890
1,39,2.9750
2,39,4.1447
0,39,2.8669
1,39,3.5268
2,39,3.2315
0,39,2.9184
1,39,3.2496
2,39,4.2333
0,39,3.1504
1,39,3.8279
2,39,4.0796
1,39,3.2890
0,39,2.9085
2,39,2.9525
1,39,4.0711
0,39,3.0243
2,39,4.2623
1,39,3.7267
0,39,2.8967
2,39,4.2371
1,39,3.4215
0,39,2.8988
2,39,4.2238
1,39,3.2282
0,39,2.9091
2,39,4.1488
1,39,3.5693
0,39,2.8908
2,39,4.2158
1,39,3.4833
0,39,2.9085
2,39,4.1944
1,39,3.7215
0,39,2.9068
2,39,4.1439
1,39,3.5485
0,39,2.8870
2,39,4.1955
1,39,3.7862
0,39,2.8859
2,39,3.0416
1,39,3.7919
0,39,2.9196
2,39,4.1721
0,40,2.8998
1,40,3.7481
2,40,3.6429
0,40,2.8912
1,40,3.3491
2,40,4.1812
1,40,3.1387
0,40,4.0864
2,40,3.8664
1,40,3.1757
0,40,2.8952
2,40,4.3081
1,40,3.1943
0,40,2.9030
2,40,4.1964
1,40,4.1657
2,40,3.1494
0,40,2.9183
1,40,3.3971
2,40,3.3948
0,40,2.9014
1,40,4.1483
2,40,4.1512
0,40,2.8914
2,40,4.0316
0,40,2.9188
1,40,3.8315
2,40,4.1266
0,40,2.9077
1,40,3.7751
2,40,4.1756
0,40,2.9240
1,40,3.8305
2,40,4.2209
0,40,2.9004
1,40,3.8879
2,40,4.1877
0,40,2.8967
1,40,4.2426
2,40,3.1008
0,40,2.9199
1,40,4.0618
2,40,4.2081
0,40,2.8956
1,40,3.3780
2,40,3.7435
0,40,2.9100
1,40,3.6769
2,40,4.0919
0,40,2.9239
1,40,4.1872
2,40,4.2871
0,40,2.8949
1,40,3.4699
2,40,3.3435
0,40,2.8940
1,40,3.0631
2,40,4.2414
0,40,2.8900
1,40,3.2052
2,40,4.1567
0,40,2.8894
1,40,4.1583
0,40,2.9367
2,40,3.8444
1,40,4.1918
0,40,3.0429
2,40,4.4187
1,40,4.0164
0,40,3.0063
2,40,4.0618
1,40,3.4376
0,40,2.9020
2,40,3.3294
1,40,4.1235
0,40,2.9187
2,40,3.2728
1,40,3.2732
0,40,2.8869
2,40,4.1285
1,40,4.2376
0,40,2.9033
2,40,4.2624
1,40,4.1735
0,40,2.9142
2,40,4.1012
1,40,4.0556
2,40,3.3386
0,40,4.1628
1,40,4.1362
2,40,3.9233
0,40,2.9170
1,40,3.9728
2,40,4.4452
0,40,2.9236
1,40,4.1817
2,40,3.9852
0,40,2.8972
1,40,3.3409
2,40,4.1752
0,40,2.9159
1,40,4.1198
2,40,4.2395
0,40,2.9142
1,40,3.1749
2,40,3.1918
1,40,3.5516
0,40,2.9142
2,40,4.1385
1,40,4.2590
0,40,2.9039
1,40,3.2283
2,40,3.7100
0,40,2.9072
1,40,3.5604
2,40,3.4199
0,40,2.9096
1,40,3.5166
2,40,4.1202
0,40,2.8976
1,40,3.9369
2,40,4.2811
0,40,2.9172
1,40,3.4481
2,40,4.1193
0,40,2.9008
1,40,4.0250
2,40,3.9759
0,40,2.9084
1,40,3.4576
2,40,4.1340
0,40,2.9065
1,40,3.4160
0,40,2.8824
2,40,4.1310
1,40,4.1980
0,40,2.8804
2,40,4.2640
1,40,4.0927
0,40,2.9049
2,40,3.9915
1,40,3.3115
0,40,2.9581
2,40,4.2654
1,40,3.7666
2,40,3.2441
0,40,2.9274
1,40,3.1233
2,40,4.1424
0,40,2.9106
0,41,2.8971
2,41,3.5339
1,41,3.6865
2,41,3.8859
1,41,3.0861
0,41,2.8923
2,41,3.3004
1,41,3.4995
0,41,2.9171
2,41,4.1847
0,41,2.9058
1,41,3.4935
2,41,4.1474
0,41,2.8667
1,41,3.9817
2,41,3.4250
0,41,2.9054
1,41,4.2072
2,41,4.2338
0,41,2.9022
1,41,3.6300
2,41,3.2759
0,41,2.9161
1,41,3.7688
2,41,4.0885
0,41,2.8947
1,41,3.7895
2,41,3.9642
0,41,2.9150
1,41,3.9065
2,41,4.1835
0,41,2.9276
1,41,3.6538
2,41,4.1526
0,41,2.8937
1,41,4.2072
0,41,2.9075
2,41,4.1392
1,41,3.5587
2,41,3.3526
0,41,2.9154
1,41,3.4499
2,41,3.3894
0,41,2.9146
1,41,3.4252
2,41,3.0548
0,41,2.9235
1,41,3.3935
2,41,3.2031
0,41,2.9086
1,41,3.2844
2,41,3.7411
0,41,2.9157
1,41,4.1253
2,41,3.2491
0,41,2.9011
1,41,4.2084
0,41,3.0757
2,41,4.0516
1,41,3.4298
0,41,2.9136
2,41,4.2791
1,41,4.0644
0,41,2.9105
2,41,4.2154
1,41,4.1306
0,41,2.9070
2,41,3.1514
1,41,4.1569
0,41,3.1764
2,41,4.2402
1,41,4.0911
0,41,2.8960
2,41,4.2771
1,41,3.2026
0,41,2.8969
2,41,4.1289
1,41,3.6643
0,41,2.9089
2,41,4.1285
1,41,3.4698
0,41,3.1643
2,41,4.2329
1,41,3.7283
0,41,2.9118
2,41,4.2539
1,41,3.2010
0,41,2.8923
2,41,3.9935
1,41,3.9692
0,41,2.9056
2,41,4.1722
1,41,3.8117
0,41,2.9153
1,41,4.2717
2,41,3.7354
0,41,2.8725
1,41,3.4244
2,41,4.1178
0,41,2.8933
1,41,2.9999
2,41,4.2261
0,41,2.9410
1,41,4.0439
2,41,4.1838
0,41,2.9315
1,41,4.2140
2,41,4.1610
0,41,2.8827
1,41,3.5889
2,41,3.7955
0,41,2.8914
1,41,3.9612
2,41,4.1668
0,41,2.9027
1,41,3.0316
2,41,3.1290
0,41,2.9162
1,41,4.0782
2,41,4.2931
0,41,2.9014
2,41,3.4303
1,41,3.7563
0,41,2.9075
2,41,4.1457
1,41,3.5102
0,41,2.9060
2,41,4.2188
1,41,3.5751
0,41,3.1517
2,41,2.9380
1,41,3.5881
0,41,2.8963
1,41,3.3433
2,41,4.1180
0,41,2.9068
1,41,3.6686
2,41,4.2338
0,41,2.8960
2,41,3.3679
1,41,4.1495
0,41,2.9077
2,41,4.1541
1,41,4.2619
0,41,3.1698
2,41,4.2038
1,41,3.5236
0,41,2.9338
2,41,3.6738
1,41,3.9578
0,42,2.9055
2,42,4.1657
1,42,3.6546
1,42,3.1778
0,42,2.9309
2,42,4.2507
1,42,3.2298
0,42,2.9019
2,42,4.0462
0,42,2.9201
1,42,3.6324
2,42,4.2603
0,42,2.9014
1,42,3.9815
2,42,3.4894
1,42,3.3958
0,42,2.8967
2,42,4.2577
1,42,3.5352
0,42,2.8909
2,42,3.7652
0,42,2.8991
1,42,3.9460
2,42,3.1501
0,42,2.9082
1,42,3.5582
2,42,4.1712
0,42,2.9098
1,42,3.6591
2,42,4.1642
0,42,2.9111
1,42,3.8568
2,42,4.1660
0,42,2.9071
1,42,4.1120
2,42,4.2601
0,42,2.9048
1,42,4.1152
2,42,4.1827
0,42,2.8940
1,42,3.5095
2,42,4.3026
0,42,2.9145
1,42,4.0288
2,42,4.0640
0,42,2.8948
1,42,3.7548
2,42,3.2847
0,42,2.9180
1,42,3.3901
2,42,4.1739
0,42,2.9058
1,42,3.9209
2,42,3.2130
0,42,2.9060
1,42,3.3732
2,42,4.1884
0,42,2.9107
1,42,3.0851
2,42,3.2436
0,42,2.8763
1,42,3.3132
2,42,4.2113
0,42,2.8951
1,42,4.1395
2,42,3.4810
0,42,2.8949
1,42,3.6336
2,42,4.1972
0,42,2.9089
1,42,3.5906
2,42,3.3134
0,42,2.9188
1,42,4.0934
2,42,4.2253
0,42,2.9349
1,42,4.2503
2,42,3.2615
0,42,2.8954
1,42,4.2663
2,42,4.1551
0,42,2.9171
1,42,3.3394
2,42,4.2595
0,42,2.9265
1,42,3.6629
2,42,3.2972
0,42,2.9113
1,42,4.0240
2,42,4.1682
0,42,2.9076
1,42,3.4516
2,42,3.5278
0,42,3.1634
1,42,3.5406
2,42,4.1869
0,42,2.8861
1,42,3.1279
2,42,3.8462
0,42,2.8833
1,42,3.4121
2,42,3.4846
0,42,2.9084
1,42,3.6246
2,42,4.1576
0,42,2.8952
1,42,3.5698
2,42,4.2687
1,42,3.4894
0,42,2.9220
2,42,3.4610
1,42,3.9813
0,42,2.9135
2,42,3.5276
1,42,3.4733
0,42,2.9151
2,42,4.2146
1,42,3.4585
0,42,2.9095
2,42,4.1698
1,42,4.1457
0,42,2.9338
2,42,4.2424
1,42,3.6682
0,42,2.9108
2,42,3.1348
1,42,3.6348
0,42,2.8913
2,42,4.1485
1,42,3.5288
0,42,2.9119
2,42,3.2656
1,42,3.5564
0,42,3.1318
2,42,4.1277
1,42,3.6020
0,42,3.1610
2,42,4.1125
1,42,4.0656
0,42,2.9265
2,42,4.2311
1,42,3.5109
0,42,2.8937
2,42,4.1805
1,42,3.5587
0,42,2.8844
2,42,3.4747
1,42,4.1654
0,42,3.0761
2,42,3.7547
0,43,3.1594
1,43,3.6012
2,43,4.1584
0,43,2.8914
1,43,3.5375
2,43,4.1395
0,43,2.9216
2,43,3.5777
1,43,4.1454
0,43,2.8971
2,43,4.2569
1,43,3.3793
0,43,2.8863
1,43,3.3082
2,43,4.2885
0,43,2.8818
1,43,3.2527
2,43,4.1910
1,43,3.4049
0,43,2.9065
2,43,3.2845
1,43,3.5480
2,43,4.1936
0,43,2.9161
1,43,3.5655
2,43,4.1202
0,43,2.8930
1,43,3.5833
0,43,2.9275
2,43,4.2293
1,43,4.2219
0,43,2.9025
2,43,4.2108
1,43,3.2252
0,43,3.1528
2,43,4.1678
1,43,3.3460
0,43,2.9041
2,43,3.8596
1,43,3.6406
0,43,2.8997
2,43,4.1481
1,43,3.7417
0,43,2.9082
2,43,4.2061
1,43,3.6115
0,43,4.1527
2,43,3.0136
1,43,4.1120
0,43,2.9050
2,43,4.2278
1,43,4.2120
0,43,2.9152
2,43,4.2189
1,43,3.1411
0,43,3.1605
2,43,4.2001
1,43,3.0924
2,43,3.1424
0,43,2.9141
1,43,3.5133
2,43,4.1460
0,43,2.9029
1,43,3.5724
0,43,2.9124
2,43,4.2761
1,43,3.0883
2,43,4.1473
0,43,4.0713
1,43,3.3013
2,43,4.2865
0,43,2.9060
1,43,3.6074
0,43,2.8985
2,43,3.6034
1,43,4.2125
2,43,3.5376
0,43,2.9040
1,43,3.8678
0,43,2.8899
2,43,4.1580
1,43,3.5815
2,43,4.2290
0,43,2.9053
1,43,3.6096
0,43,2.9097
2,43,4.1419
1,43,3.5534
0,43,2.9239
2,43,4.1480
1,43,3.6932
0,43,2.9354
2,43,4.3259
1,43,4.2607
0,43,2.9065
2,43,4.0522
1,43,3.3403
0,43,2.9024
2,43,4.4122
1,43,3.4756
0,43,2.9069
2,43,4.1432
1,43,3.5262
0,43,2.9226
2,43,3.0377
1,43,4.1710
0,43,2.9135
2,43,4.1503
1,43,4.1794
0,43,3.0425
2,43,4.1788
1,43,3.5985
0,43,2.8886
2,43,3.2633
1,43,4.1911
0,43,2.8954
2,43,4.1515
1,43,4.0780
0,43,2.8932
2,43,4.2122
1,43,3.8451
0,43,2.9022
2,43,4.2926
1,43,4.2043
0,43,2.9210
2,43,4.2103
1,43,3.2265
0,43,2.8917
2,43,3.0074
1,43,3.4092
0,43,2.8866
2,43,3.6662
1,43,3.3784
0,43,2.9099
2,43,4.2564
1,43,3.4445
0,43,2.9191
2,43,4.2585
1,43,4.0716
0,43,2.9611
2,43,3.1054
1,43,3.1396
0,43,2.8935
2,43,4.1435
1,43,4.2167
0,43,2.9177
2,43,4.4194
1,43,3.0560
0,43,3.1732
2,43,3.2509
0,44,2.9290
1,44,3.6441
2,44,4.1256
0,44,3.1587
1,44,3.2059
2,44,4.0767
0,44,4.1485
1,44,3.3733
2,44,3.6687
1,44,4.0668
0,44,2.9110
2,44,3.1590
1,44,3.4072
0,44,3.0464
2,44,4.2475
1,44,4.2394
0,44,3.0438
2,44,4.0358
1,44,3.2056
0,44,2.9163
2,44,3.5601
1,44,3.4742
0,44,2.9280
2,44,3.5596
1,44,3.5820
0,44,2.9422
2,44,4.2803
1,44,3.6687
0,44,2.8882
2,44,3.2718
1,44,3.3727
0,44,2.8896
2,44,4.1388
1,44,3.2318
0,44,2.9363
2,44,3.9817
1,44,3.3158
0,44,2.9112
2,44,4.1012
1,44,4.1248
0,44,2.9114
2,44,3.3474
1,44,4.1536
0,44,2.9154
2,44,4.0588
1,44,4.1221
0,44,2.8875
2,44,3.0855
1,44,3.2980
0,44,2.9065
2,44,4.1765
1,44,3.6264
0,44,2.9210
2,44,3.2520
1,44,3.4112
0,44,2.9216
2,44,4.1802
1,44,4.0559
0,44,2.9518
2,44,3.3192
1,44,3.2911
0,44,2.9111
2,44,3.7978
1,44,3.4323
0,44,2.9140
2,44,4.1922
1,44,4.1449
0,44,2.8958
2,44,3.3552
1,44,3.1497
0,44,2.9154
2,44,3.4086
1,44,4.1461
0,44,2.8980
2,44,3.0124
1,44,4.1823
0,44,2.9101
2,44,4.1453
1,44,4.0256
0,44,2.9149
2,44,4.1730
1,44,3.4947
0,44,2.9060
2,44,4.2015
1,44,3.3985
0,44,2.8866
2,44,4.4187
1,44,3.4858
0,44,3.2856
2,44,3.6891
1,44,3.2272
0,44,2.9041
2,44,4.2779
1,44,3.4599
0,44,2.9452
2,44,3.1098
1,44,3.4548
0,44,2.9068
2,44,4.1532
1,44,3.9832
0,44,3.1383
2,44,4.2296
1,44,3.2772
0,44,2.9047
2,44,3.6123
1,44,3.6132
0,44,2.8861
2,44,3.5353
1,44,4.1344
0,44,2.9077
2,44,4.1874
1,44,3.2197
0,44,2.9242
2,44,4.1701
1,44,3.2785
0,44,2.9118
2,44,4.1246
1,44,4.1978
0,44,2.9278
2,44,4.1702
1,44,4.2619
0,44,2.8987
2,44,3.7708
1,44,3.5039
0,44,2.9157
2,44,4.1467
1,44,3.8528
0,44,2.9213
2,44,4.2269
1,44,3.4433
0,44,2.9138
2,44,4.2042
1,44,4.1283
0,44,2.9222
2,44,3.6288
1,44,3.2068
0,44,2.9164
2,44,4.1715
1,44,3.6218
0,44,2.9030
2,44,3.0836
1,44,4.2285
0,44,2.8990
2,44,4.2438
1,44,3.5779
0,44,3.1181
2,44,4.0435
1,44,3.1648
0,44,2.9191
2,44,4.2143
2,45,3.2334
1,45,3.4749
0,45,2.8917
0,45,2.9043
2,45,4.2559
1,45,3.7289
0,45,2.8947
2,45,4.1805
1,45,3.5100
0,45,2.8913
2,45,4.1990
1,45,3.5843
0,45,2.9110
1,45,3.0112
2,45,3.2580
0,45,2.9109
2,45,4.1919
1,45,4.1837
0,45,2.9314
1,45,3.2870
2,45,4.1652
1,45,3.4614
0,45,2.9005
2,45,4.1487
1,45,3.2463
0,45,2.9124
2,45,3.2875
1,45,3.5550
0,45,2.8831
2,45,4.2481
1,45,3.8841
0,45,3.0080
2,45,4.1722
0,45,2.9048
1,45,3.9094
2,45,3.1196
0,45,2.8897
1,45,3.0839
2,45,4.1942
0,45,2.9176
1,45,3.5680
2,45,4.2333
0,45,2.9650
1,45,3.4252
2,45,3.5229
0,45,3.0497
1,45,3.4246
2,45,3.1610
0,45,2.8994
1,45,4.0177
2,45,4.1819
0,45,2.9258
1,45,4.1394
2,45,4.0956
0,45,2.9115
1,45,3.2394
2,45,4.2890
1,45,3.3966
0,45,2.9121
2,45,4.2324
1,45,4.0205
0,45,2.9200
2,45,4.1793
1,45,3.7423
0,45,2.9204
2,45,3.0102
1,45,3.6720
0,45,2.8932
2,45,3.7935
1,45,4.0975
0,45,2.9046
2,45,3.5158
1,45,3.4505
0,45,2.9162
2,45,4.1463
1,45,3.9369
0,45,2.8947
2,45,4.1758
1,45,4.0682
0,45,2.8960
2,45,3.6102
1,45,4.1932
0,45,2.9084
2,45,4.0518
1,45,3.8454
0,45,2.9044
2,45,4.1278
1,45,3.3254
0,45,2.9057
2,45,3.0810
1,45,3.2082
0,45,2.8894
2,45,4.1973
1,45,4.0047
0,45,2.8882
2,45,2.9442
1,45,4.1544
0,45,2.9057
2,45,4.4250
1,45,3.2780
0,45,2.8696
2,45,4.1350
1,45,4.1709
0,45,2.9018
2,45,3.4180
1,45,3.3557
0,45,2.8987
2,45,4.1212
1,45,3.9908
0,45,2.8919
2,45,4.1469
1,45,3.1069
0,45,2.8986
2,45,4.2406
1,45,3.9443
0,45,2.8971
2,45,4.2253
1,45,3.5986
0,45,2.8982
2,45,3.3143
1,45,3.4531
0,45,2.9190
2,45,4.1732
1,45,3.6716
0,45,2.8918
2,45,3.1225
1,45,3.4165
0,45,2.8969
2,45,3.5199
1,45,3.3232
0,45,2.9171
2,45,3.3671
1,45,3.5423
0,45,2.8960
2,45,4.1353
1,45,4.0364
0,45,2.9070
2,45,4.1946
1,45,3.6121
0,45,2.9004
2,45,2.9166
1,45,4.1685
0,45,2.9032
2,45,2.9913
1,45,3.6037
0,45,3.1014
2,45,3.4301
1,45,3.7925
0,45,2.9096
2,45,4.1472
2,46,4.0235
1,46,3.9585
0,46,3.2820
2,46,4.1223
1,46,4.0342
0,46,2.9157
2,46,3.7135
0,46,2.9103
1,46,4.2057
1,46,3.7658
0,46,2.9828
2,46,4.1280
0,46,2.9031
1,46,3.5408
2,46,4.3012
1,46,3.4181
0,46,2.9170
2,46,3.6083
1,46,3.2379
0,46,2.9089
2,46,4.1877
1,46,4.1326
0,46,2.9386
2,46,4.1556
1,46,3.2839
0,46,2.9230
2,46,3.7522
1,46,4.2305
0,46,3.0656
2,46,4.2838
1,46,3.1802
0,46,2.9167
2,46,2.9892
1,46,3.8749
0,46,2.9242
2,46,3.7673
1,46,4.0495
0,46,2.8986
2,46,3.9887
1,46,3.5666
0,46,2.8908
2,46,4.1471
0,46,2.9098
1,46,3.8750
2,46,2.9964
1,46,3.7055
0,46,2.8999
2,46,4.1559
0,46,2.9098
1,46,3.6974
2,46,3.4264
0,46,2.9308
1,46,4.1580
2,46,3.2545
0,46,2.8938
1,46,3.1806
2,46,4.2152
0,46,2.9123
1,46,3.5236
2,46,3.7487
0,46,2.9022
1,46,3.5208
2,46,4.1993
0,46,2.9184
1,46,3.4959
2,46,3.3723
0,46,2.9144
2,46,4.2705
1,46,3.4351
0,46,2.9034
2,46,4.2427
1,46,3.2371
0,46,2.9039
2,46,4.2773
1,46,3.6636
0,46,2.9177
1,46,3.5474
2,46,4.0485
0,46,2.9144
1,46,4.1858
2,46,4.2327
0,46,2.9212
1,46,3.8806
2,46,4.2974
0,46,2.9128
1,46,4.0250
2,46,3.2955
0,46,2.8913
1,46,3.5434
2,46,3.3180
0,46,2.9123
1,46,3.6331
2,46,4.1664
0,46,2.8922
1,46,3.7747
2,46,4.1336
0,46,2.8922
1,46,3.3134
2,46,4.1447
0,46,2.9043
1,46,3.8025
2,46,3.3840
0,46,2.9187
1,46,4.1693
2,46,4.1614
0,46,2.8984
1,46,4.1079
2,46,4.1774
0,46,2.8781
1,46,4.2175
2,46,3.9990
0,46,2.9174
1,46,3.0574
2,46,4.2239
0,46,2.9005
1,46,3.6443
2,46,4.1572
0,46,2.8973
1,46,4.1207
2,46,4.1442
0,46,2.9060
1,46,3.5661
2,46,4.0628
0,46,2.9104
1,46,3.5297
2,46,4.2215
0,46,2.9024
1,46,3.3925
2,46,4.0079
0,46,2.8922
1,46,3.6931
2,46,4.1846
0,46,2.9210
1,46,3.3175
2,46,4.1334
0,46,2.9024
1,46,4.1132
2,46,4.2559
0,46,2.9157
1,46,3.2554
2,46,4.1358
0,46,2.8983
1,46,3.9461
2,46,4.1352
0,46,2.9280
1,46,3.7268
2,46,3.4135
0,46,2.9050
1,46,3.2611
2,46,4.1745
0,47,2.8941
1,47,3.6315
2,47,4.2541
0,47,2.9144
1,47,3.2420
2,47,4.1216
1,47,3.9343
0,47,2.9182
2,47,4.1217
1,47,3.5272
2,47,3.0737
0,47,2.9119
1,47,4.1969
0,47,2.9228
2,47,4.1450
1,47,3.2068
0,47,2.8963
2,47,4.1808
1,47,3.1436
0,47,2.8949
2,47,4.2066
1,47,3.2737
0,47,2.9076
2,47,3.3433
1,47,4.2601
0,47,2.9016
2,47,4.0013
1,47,3.6526
0,47,2.9062
2,47,4.1453
1,47,3.5130
0,47,2.8913
2,47,3.2870
1,47,3.6936
0,47,2.9101
2,47,4.1912
1,47,3.3842
0,47,2.9119
2,47,3.1659
1,47,3.1144
0,47,2.8898
2,47,3.0755
1,47,3.3361
0,47,2.9003
2,47,4.2506
1,47,3.6054
0,47,2.8803
2,47,4.1797
1,47,3.9036
0,47,2.9230
2,47,4.4177
1,47,3.3162
0,47,2.9102
2,47,3.5910
1,47,4.1836
0,47,2.9186
2,47,4.2120
1,47,3.7850
0,47,2.9073
2,47,4.2099
1,47,3.7131
0,47,3.1771
2,47,3.8054
0,47,2.8952
1,47,4.0814
2,47,3.6250
1,47,4.1186
0,47,2.9217
2,47,4.1678
1,47,3.3674
0,47,2.9157
2,47,3.4404
1,47,3.1922
0,47,2.9087
2,47,3.4296
1,47,4.2727
0,47,2.9083
2,47,4.0555
1,47,3.7351
0,47,2.9154
2,47,3.5627
1,47,4.0275
0,47,4.0806
2,47,3.0557
1,47,3.3758
0,47,3.1351
2,47,3.5661
1,47,3.5152
0,47,3.1595
2,47,3.6654
1,47,4.0632
0,47,3.0181
2,47,4.1330
1,47,3.6806
0,47,2.9138
2,47,4.1744
1,47,3.6871
0,47,2.9084
2,47,3.4747
1,47,3.8673
0,47,2.9087
2,47,3.0963
1,47,4.0551
0,47,2.9134
2,47,4.1674
1,47,3.8992
0,47,2.9065
2,47,4.2423
1,47,3.3358
0,47,2.8865
2,47,4.2632
1,47,3.2572
0,47,2.9033
2,47,3.7491
1,47,3.1209
0,47,2.9124
2,47,3.0935
1,47,3.2683
0,47,2.9195
2,47,4.2238
1,47,3.5915
2,47,3.0467
0,47,2.9202
1,47,3.6308
2,47,4.1287
0,47,2.8918
1,47,3.1407
0,47,2.8943
2,47,4.1270
1,47,3.1718
0,47,2.8940
2,47,4.1805
1,47,3.1719
0,47,2.9014
2,47,4.1451
1,47,4.1655
0,47,2.8983
2,47,4.2078
1,47,3.0600
0,47,3.1781
2,47,3.2986
1,47,3.1956
0,47,2.9244
2,47,3.8895
1,47,3.3158
0,47,2.8879
2,47,4.1775
1,47,3.4724
0,47,4.0770
2,47,3.3774
1,48,4.2236
0,48,2.8800
2,48,4.1525
2,48,3.2606
1,48,3.4272
0,48,2.8929
2,48,3.3239
1,48,3.6630
0,48,2.9116
2,48,3.2803
0,48,2.8999
1,48,3.4606
2,48,4.1474
0,48,2.9214
1,48,4.2113
2,48,4.3918
0,48,2.8997
1,48,3.6192
1,48,3.2547
2,48,4.1274
0,48,2.8951
1,48,3.2032
0,48,2.9159
2,48,3.7886
1,48,3.2409
0,48,2.9020
2,48,4.2401
1,48,3.2591
0,48,2.9173
2,48,4.1587
1,48,3.3968
0,48,2.9063
2,48,3.2964
1,48,4.2537
0,48,2.8876
2,48,4.2621
1,48,2.9793
0,48,2.8929
2,48,4.2012
1,48,3.4509
0,48,2.9216
2,48,3.4278
1,48,3.8428
0,48,3.0754
2,48,3.3282
1,48,3.7695
0,48,2.9275
2,48,4.1772
1,48,3.7609
0,48,2.8990
2,48,4.1369
1,48,3.2816
0,48,2.9044
2,48,2.9205
1,48,3.7666
0,48,2.9075
2,48,4.1841
1,48,3.4436
0,48,2.8982
2,48,4.2365
1,48,3.2453
0,48,2.8902
2,48,4.2659
1,48,3.8038
0,48,2.8994
2,48,4.2618
1,48,3.4761
0,48,2.8959
2,48,4.1969
1,48,3.3710
0,48,2.8848
2,48,4.1492
1,48,4.1428
0,48,2.8987
2,48,3.7078
1,48,3.4765
0,48,2.9033
2,48,4.1144
1,48,3.4138
0,48,2.9074
2,48,3.2731
1,48,3.7848
0,48,2.8975
2,48,3.6879
1,48,3.7721
0,48,2.9138
2,48,4.1289
1,48,3.3925
0,48,2.9078
2,48,3.9880
1,48,3.3345
0,48,2.9006
2,48,3.2735
1,48,4.1870
0,48,2.9267
2,48,4.2223
1,48,3.2431
0,48,2.9097
2,48,3.5104
1,48,4.1696
0,48,2.9225
2,48,4.2486
1,48,4.1540
0,48,2.8881
2,48,3.5321
0,48,2.9034
1,48,3.6733
2,48,4.1650
0,48,2.8956
1,48,4.0881
2,48,4.2756
0,48,2.8916
1,48,3.7467
2,48,3.0688
0,48,2.9371
1,48,3.2084
2,48,3.4170
0,48,3.1273
1,48,4.2268
2,48,3.9597
0,48,2.9057
1,48,3.8833
2,48,4.1571
0,48,2.9023
1,48,3.7366
2,48,4.2431
0,48,2.9269
1,48,4.1993
2,48,4.1594
1,48,3.1394
0,48,4.1613
2,48,3.9067
1,48,4.0867
0,48,2.8945
2,48,3.6664
1,48,3.7892
0,48,2.9076
2,48,4.1093
1,48,3.3466
0,48,2.9139
2,48,3.2455
1,48,4.2199
0,48,2.9053
2,48,3.6370
1,48,3.8623
0,48,2.9039
2,48,3.2570
1,48,3.3397
0,48,2.8994
2,48,4.1782
2,49,3.2283
0,49,2.8876
1,49,3.9782
2,49,3.9670
0,49,2.9015
1,49,4.1274
2,49,3.4045
0,49,2.8979
1,49,3.3131
2,49,3.4047
0,49,2.8972
1,49,3.9810
0,49,2.9046
2,49,4.1224
1,49,4.1025
0,49,2.9015
1,49,3.3279
2,49,4.1499
0,49,2.9161
1,49,4.2749
2,49,3.6741
1,49,3.7340
0,49,2.8866
2,49,4.1582
0,49,3.1776
1,49,3.8041
2,49,4.1950
0,49,2.8996
1,49,3.4075
2,49,4.1192
0,49,2.9154
1,49,3.3998
2,49,4.1628
0,49,2.8972
1,49,4.1134
2,49,4.1764
0,49,2.9129
1,49,3.2502
2,49,4.3969
0,49,2.9223
1,49,3.6232
2,49,4.1108
0,49,2.8982
1,49,3.3224
2,49,3.1283
0,49,3.1525
1,49,3.5548
2,49,4.2536
0,49,2.9195
1,49,3.6730
2,49,4.1349
0,49,2.8864
1,49,3.1983
2,49,4.0946
0,49,2.8829
1,49,3.6733
2,49,3.2307
0,49,2.9059
1,49,3.3034
2,49,4.1504
0,49,2.9201
1,49,3.2780
2,49,3.4875
0,49,2.8923
1,49,3.4743
2,49,4.1666
0,49,2.8967
1,49,4.1979
2,49,4.1945
0,49,2.9118
1,49,3.5663
2,49,4.2193
0,49,2.8997
1,49,3.4442
2,49,4.1416
0,49,2.8842
1,49,3.2580
2,49,3.5624
0,49,2.8942
1,49,3.6079
2,49,4.0262
0,49,2.9002
1,49,4.1483
2,49,4.1927
0,49,2.8893
1,49,3.2360
2,49,4.1463
0,49,2.8920
1,49,3.2446
2,49,4.2807
0,49,2.9111
1,49,3.4267
2,49,4.0970
0,49,2.9184
1,49,3.5305
2,49,4.1960
0,49,2.9132
1,49,3.1959
2,49,4.1397
0,49,2.9555
1,49,3.2770
2,49,3.5019
1,49,3.5645
0,49,2.9037
2,49,4.2319
1,49,3.2673
0,49,2.9079
2,49,3.6147
1,49,3.7309
0,49,2.9030
2,49,4.0333
1,49,4.0789
0,49,2.9299
2,49,4.2521
1,49,3.3346
0,49,2.9227
2,49,3.6956
1,49,3.2654
0,49,2.9018
2,49,4.4354
1,49,3.2602
0,49,2.9136
2,49,3.2492
1,49,3.3490
0,49,2.8967
2,49,4.1940
1,49,3.3765
0,49,2.9130
2,49,4.1760
1,49,4.0909
0,49,2.9117
2,49,3.4354
1,49,3.1609
0,49,2.9109
2,49,4.1317
1,49,3.4166
0,49,2.9011
2,49,3.7281
1,49,3.2080
0,49,2.8935
2,49,3.0298
1,49,3.3385
0,49,2.9031
2,49,4.2679
1,49,3.6084
0,49,2.9078
2,49,4.2540
1,49,3.7830
0,49,2.8923
2,49,4.1615
